Time	CellId	RNTI	BWPId	SINR(dB)
0.0164955	1	2	0	33.1112
0.0164955	4	2	0	-19.4363
0.0164955	7	1	0	-5.10577
0.0165402	1	2	0	33.1112
0.0165402	4	2	0	-19.4363
0.0165402	7	1	0	-5.10577
0.0166205	1	2	0	33.1112
0.0166205	4	2	0	-19.4363
0.0166205	7	1	0	-5.10577
0.0166696	1	2	0	33.1112
0.0166696	4	2	0	-19.4363
0.0166696	7	1	0	-5.10577
0.0167455	1	2	0	33.1112
0.0167455	4	2	0	-19.4363
0.0167455	7	1	0	-5.10577
0.016808	1	2	0	33.1112
0.016808	4	2	0	-19.4363
0.016808	7	1	0	-5.10577
0.0168214	1	2	0	33.7083
0.0168705	4	2	0	20.2934
0.0168705	7	1	0	33.9551
0.0168839	1	2	0	33.1112
0.016933	4	2	0	21.1484
0.016933	7	1	0	9.46877
0.0169464	1	2	0	33.5693
0.0169955	4	2	0	20.2669
0.0169955	7	1	0	33.0183
0.017058	4	2	0	21.5261
0.017058	7	1	0	9.83385
0.0170714	1	2	0	33.1112
0.0171205	4	2	0	20.885
0.0171205	7	1	0	9.46872
0.017183	4	2	0	21.5261
0.017183	7	1	0	9.83385
0.0171964	1	2	0	33.1112
0.0172009	7	1	0	6.96154
0.0172054	4	2	0	29.1493
0.0172321	1	1	1	5.96355
0.0172321	4	1	1	31.0066
0.0172589	1	2	0	33.1112
0.0172589	4	2	0	-19.4363
0.0172634	7	1	0	36.1709
0.0173839	1	2	0	33.1112
0.0173839	4	2	0	-19.4363
0.0173884	7	1	0	36.1709
0.0174464	1	2	0	33.1112
0.0174464	4	2	0	-19.4363
0.0174509	7	1	0	36.1709
0.0174821	1	1	1	5.96355
0.0174821	4	1	1	31.0066
0.017558	7	1	0	39.0272
0.0175714	1	2	0	35.102
0.0175759	7	1	0	35.6114
0.0176205	4	2	0	32.0571
0.017683	4	2	0	33.6621
0.0176964	1	2	0	35.102
0.0176964	7	1	0	-5.11815
0.0177321	1	1	1	5.96355
0.0177321	4	1	1	31.0066
0.0177455	4	2	0	32.4478
0.0177589	1	2	0	35.102
0.0177589	7	1	0	-5.11815
0.017808	4	2	0	32.4478
0.0178705	4	2	0	33.6621
0.0178839	1	2	0	33.1112
0.0178839	7	1	0	-5.10577
0.017933	4	2	0	33.2843
0.0179464	1	2	0	33.1112
0.0179464	7	1	0	-5.10577
0.0179509	4	2	0	30.6527
0.0179821	1	1	1	5.96355
0.0179821	4	1	1	31.0066
0.018058	4	2	0	11.3051
0.018058	7	1	0	-1.89187
0.0180714	1	2	0	61.0085
0.0181205	4	2	0	10.9276
0.0181205	7	1	0	-2.14227
0.0181339	4	2	0	21.5261
0.018183	7	1	0	38.8028
0.0181964	1	2	0	36.4221
0.0181964	4	2	0	-19.4362
0.0182321	1	1	1	5.96355
0.0182321	4	1	1	31.0066
0.0182455	7	1	0	38.6569
0.0182589	1	2	0	36.4221
0.0182589	4	2	0	-19.4362
0.018308	7	1	0	38.6569
0.0183705	7	1	0	39.0224
0.0183839	1	2	0	36.4221
0.0183839	4	2	0	-19.4362
0.018433	7	1	0	38.6569
0.0184464	1	2	0	33.1112
0.0184464	4	2	0	-19.4363
0.0184777	7	1	0	38.6004
0.0184821	1	1	1	5.96355
0.0184821	4	1	1	31.0066
0.0185357	4	1	1	31.0066
0.0185714	1	1	1	64.7601
0.0185714	1	2	0	35.102
0.0185714	7	1	0	-5.11815
0.0186205	4	2	0	32.4478
0.018683	4	2	0	32.8255
0.0186964	1	2	0	35.102
0.0186964	7	1	0	-5.11815
0.0187455	4	2	0	32.4478
0.0187589	1	2	0	35.102
0.0187589	7	1	0	-5.11815
0.0187857	4	1	1	31.0066
0.0188036	1	1	1	63.5108
0.018808	4	2	0	32.4478
0.0188705	4	2	0	33.6621
0.0188839	1	2	0	36.4221
0.018933	4	2	0	32.8153
0.018933	7	1	0	6.78146
0.0189464	1	2	0	33.1112
0.0189509	4	2	0	18.5171
0.0189955	7	1	0	38.3889
0.0190357	4	1	1	31.0066
0.0190536	1	1	1	63.5108
0.019058	7	1	0	39.0347
0.0190714	1	2	0	61.0085
0.0191205	4	2	0	10.9276
0.0191205	7	1	0	-2.14227
0.0191339	4	2	0	21.5261
0.019183	7	1	0	38.8028
0.0191964	1	2	0	36.4221
0.0191964	4	2	0	-19.4362
0.0192455	7	1	0	38.6569
0.0192589	1	2	0	34.9258
0.0192679	7	1	0	36.5528
0.0192857	4	1	1	31.0066
0.0193036	1	1	1	63.5108
0.019308	4	2	0	31.548
0.0193214	4	2	0	33.6621
0.0193839	1	2	0	36.4221
0.0193839	4	2	0	-19.4362
0.019433	7	1	0	38.6569
0.0194464	1	2	0	33.1112
0.0194464	4	2	0	-19.4363
0.0194598	7	1	0	37.9312
0.0195357	4	1	1	31.0066
0.0195536	1	1	1	63.5108
0.019558	4	2	0	32.8255
0.0195714	1	2	0	33.1112
0.0195714	7	1	0	-5.10577
0.0196205	4	2	0	33.2843
0.0196339	4	2	0	33.6621
0.0196964	1	2	0	35.102
0.0196964	7	1	0	-5.11815
0.0197455	4	2	0	32.4478
0.0197589	1	2	0	35.102
0.0197589	7	1	0	-5.11815
0.0197857	4	1	1	31.0066
0.0198036	1	1	1	63.5108
0.019808	4	2	0	32.4478
0.0198705	4	2	0	32.8255
0.0198839	1	2	0	36.4221
0.0198884	4	2	0	30.1837
0.019933	7	1	0	38.2433
0.0199464	1	2	0	33.1112
0.0199464	4	2	0	-19.4363
0.0199955	7	1	0	38.8024
0.0200357	1	1	1	5.96355
0.0200357	4	1	1	31.0066
0.020058	7	1	0	39.0347
0.0200714	1	2	0	61.0085
0.0201205	4	2	0	10.9276
0.0201205	7	1	0	-2.14227
0.0201339	4	2	0	21.5261
0.020183	7	1	0	38.796
0.0201964	1	2	0	60.7266
0.0202455	4	2	0	27.4969
0.0202455	7	1	0	-0.413179
0.0202589	1	2	0	35.102
0.0202634	7	1	0	35.6114
0.0202857	1	1	1	5.96355
0.0202857	4	1	1	31.0066
0.020308	4	2	0	32.0571
0.0203705	4	2	0	33.6571
0.0203839	1	2	0	36.4221
0.020433	4	2	0	32.8153
0.020433	7	1	0	6.78146
0.0204464	1	2	0	33.1112
0.0204509	4	2	0	18.5171
0.0204598	7	1	0	36.1729
0.0205357	1	1	1	5.96355
0.0205357	4	1	1	31.0066
0.0205714	1	2	0	36.1458
0.0205714	4	2	0	-19.4362
0.0206205	7	1	0	38.6495
0.0206339	7	1	0	39.1801
0.0206964	1	2	0	33.1112
0.0206964	4	2	0	-19.4363
0.0206964	7	1	0	-5.10577
0.0207589	1	2	0	34.9258
0.0207589	7	1	0	-5.12297
0.0207857	1	1	1	5.96355
0.0207857	4	1	1	31.0066
0.020808	4	2	0	32.368
0.0208214	4	2	0	33.6621
0.0208839	1	2	0	35.102
0.0208839	7	1	0	-5.11815
0.020933	4	2	0	32.4478
0.0209464	1	2	0	33.1112
0.0209464	7	1	0	-5.10577
0.0209955	4	2	0	33.1455
0.0210357	1	1	1	5.96355
0.0210357	4	1	1	31.0066
0.021058	4	2	0	11.3051
0.021058	7	1	0	-1.89187
0.0210714	1	2	0	36.4221
0.0211205	4	2	0	32.8153
0.0211205	7	1	0	6.78146
0.0211339	4	2	0	21.5261
0.021183	7	1	0	38.8028
0.0211964	1	2	0	36.4221
0.0211964	4	2	0	-19.4362
0.0212455	7	1	0	38.6569
0.0212589	1	2	0	36.4221
0.0212589	4	2	0	-19.4362
0.0212857	4	1	1	62.6319
0.021308	7	1	0	38.6569
0.0213705	4	2	0	11.3051
0.0213705	7	1	0	-1.89187
0.0213839	1	2	0	33.1112
0.0213839	4	2	0	-19.4363
0.0214018	7	1	0	38.2114
0.0214464	1	2	0	33.1112
0.0214464	4	2	0	-19.4363
0.0214464	7	1	0	-5.10577
0.0214821	1	1	1	65.8156
0.0215357	4	1	1	62.6319
0.021558	4	2	0	11.3051
0.021558	7	1	0	-1.89187
0.0215714	1	2	0	61.0085
0.0216205	4	2	0	10.9276
0.0216205	7	1	0	-2.14227
0.0216339	7	1	0	9.83385
0.021683	4	2	0	33.3084
0.0216964	1	2	0	35.102
0.0217009	7	1	0	35.6114
0.0217321	1	1	1	65.8156
0.0217455	4	2	0	32.0571
0.0217589	1	2	0	61.0085
0.0217857	4	1	1	62.6319
0.021808	4	2	0	10.9276
0.021808	7	1	0	-2.14227
0.0218705	4	2	0	20.1269
0.0218705	7	1	0	38.6206
0.0218839	1	2	0	35.102
0.0218884	7	1	0	35.6114
0.021933	4	2	0	32.0571
0.0219464	1	2	0	36.4221
0.0219554	4	2	0	31.4328
0.0219821	1	1	1	65.8156
0.0219955	7	1	0	37.7861
0.0220134	7	1	0	39.1801
0.0220357	4	1	1	62.6319
0.0220714	1	2	0	36.4221
0.0220714	4	2	0	-19.4362
0.0221205	7	1	0	38.5953
0.0221384	7	1	0	39.1801
0.0221964	1	2	0	33.1112
0.0221964	4	2	0	-19.4363
0.0221964	7	1	0	-5.10577
0.0222321	1	1	1	65.8156
0.0222589	1	2	0	34.7386
0.0222589	7	1	0	-5.12102
0.0222857	4	1	1	62.6319
0.022308	4	2	0	32.5582
0.0223214	4	2	0	33.6621
0.0223839	1	2	0	35.102
0.0223839	7	1	0	-5.11815
0.022433	4	2	0	32.4478
0.0224464	1	2	0	33.1112
0.0224464	7	1	0	-5.10577
0.0224821	1	1	1	65.8156
0.0224955	4	2	0	33.2843
0.0225357	4	1	1	31.0066
0.022558	4	2	0	11.3051
0.022558	7	1	0	-1.89187
0.0225714	1	2	0	36.4221
0.0226205	4	2	0	32.8153
0.0226205	7	1	0	6.78146
0.0226339	4	2	0	21.5261
0.022683	7	1	0	38.8028
0.0226964	1	1	1	66.0634
0.0226964	1	2	0	36.4221
0.0226964	4	2	0	-19.4362
0.0227455	7	1	0	38.6569
0.0227589	1	2	0	36.4221
0.0227589	4	2	0	-19.4362
0.0227857	1	1	1	5.96355
0.0227857	4	1	1	31.0066
0.022808	7	1	0	38.6569
0.0228705	4	2	0	11.3051
0.0228705	7	1	0	-1.89187
0.0228839	1	2	0	33.1112
0.0228839	4	2	0	-19.4363
0.0229018	7	1	0	38.2114
0.0229464	1	2	0	33.1112
0.0229464	4	2	0	-19.4363
0.0229464	7	1	0	-5.10577
0.0230357	1	1	1	5.96355
0.0230357	4	1	1	31.0066
0.023058	4	2	0	11.3051
0.023058	7	1	0	-1.89187
0.0230714	1	2	0	61.0085
0.0231205	4	2	0	10.9276
0.0231205	7	1	0	-2.14227
0.0231339	7	1	0	9.83385
0.023183	4	2	0	33.3084
0.0231964	1	2	0	35.102
0.0232009	7	1	0	35.6114
0.0232455	4	2	0	32.0571
0.0232589	1	2	0	61.0085
0.0232857	1	1	1	5.96355
0.0232857	4	1	1	31.0066
0.023308	4	2	0	10.9276
0.023308	7	1	0	-2.14227
0.0233661	4	2	0	20.0509
0.0233705	7	1	0	38.3861
0.0233839	1	2	0	35.102
0.0233884	7	1	0	35.6114
0.023433	4	2	0	32.0571
0.0234464	1	2	0	36.4221
0.0234554	4	2	0	31.4328
0.0234955	7	1	0	37.7861
0.0235134	7	1	0	39.1801
0.0235357	1	1	1	5.96355
0.0235357	4	1	1	31.0066
0.0235714	1	2	0	36.4221
0.0235714	4	2	0	-19.4362
0.0236205	7	1	0	38.6569
0.0236384	7	1	0	39.1801
0.0236964	1	2	0	33.1112
0.0236964	4	2	0	-19.4363
0.0236964	7	1	0	-5.10577
0.0237589	1	2	0	34.7386
0.0237589	7	1	0	-5.12102
0.0237857	1	1	1	5.96355
0.0237857	4	1	1	31.0066
0.023808	4	2	0	32.5582
0.0238214	4	2	0	33.6621
0.0238839	1	2	0	35.102
0.0238839	7	1	0	-5.11815
0.023933	4	2	0	32.4478
0.0239464	1	2	0	33.1112
0.0239464	7	1	0	-5.10577
0.0239955	4	2	0	33.2843
0.0240357	4	1	1	62.6319
0.024058	4	2	0	11.3051
0.024058	7	1	0	-1.89187
0.0240714	1	2	0	36.4221
0.0241205	4	2	0	32.8153
0.0241205	7	1	0	6.78146
0.0241339	4	2	0	21.5261
0.024183	7	1	0	38.8028
0.0241964	1	2	0	36.4221
0.0241964	4	2	0	-19.4362
0.0242321	1	1	1	65.8156
0.0242455	7	1	0	38.6569
0.0242589	1	2	0	36.4221
0.0242589	4	2	0	-19.4362
0.0242857	4	1	1	62.6319
0.024308	7	1	0	38.6569
0.0243705	7	1	0	39.0347
0.0243839	1	2	0	33.1112
0.0243839	4	2	0	-19.4363
0.0244018	7	1	0	38.2114
0.0244464	1	2	0	33.1112
0.0244464	4	2	0	-19.4363
0.0244464	7	1	0	-5.10577
0.0244821	1	1	1	65.8156
0.0245357	4	1	1	62.6319
0.024558	4	2	0	32.8255
0.0245714	1	2	0	35.102
0.0245714	7	1	0	-5.11815
0.0246205	4	2	0	32.4478
0.024683	4	2	0	33.6621
0.0246964	1	2	0	35.102
0.0246964	7	1	0	-5.11815
0.0247321	1	1	1	65.8156
0.0247455	4	2	0	32.4478
0.0247589	1	2	0	61.0085
0.0247857	4	1	1	62.6319
0.024808	4	2	0	10.9276
0.024808	7	1	0	-2.14227
0.0248705	4	2	0	20.1269
0.0248705	7	1	0	38.6206
0.0248839	1	2	0	36.4221
0.0248884	4	2	0	30.1837
0.024933	7	1	0	38.2433
0.0249464	1	2	0	33.1112
0.0249464	4	2	0	-19.4363
0.0249821	1	1	1	65.8156
0.0249955	7	1	0	38.8024
0.0250357	4	1	1	62.6319
0.025058	7	1	0	39.0347
0.0250714	1	2	0	36.4221
0.0250714	4	2	0	-19.4362
0.0251205	7	1	0	38.6569
0.0251562	7	1	0	39.1801
0.0251964	1	2	0	36.4221
0.0251964	4	2	0	-19.4362
0.0252321	1	1	1	65.8156
0.0252455	7	1	0	38.6569
0.0252589	1	2	0	35.102
0.0252589	7	1	0	-5.11815
0.0252857	4	1	1	31.0066
0.025308	4	2	0	32.4478
0.0253705	4	2	0	33.6571
0.0253839	1	2	0	35.102
0.0253839	7	1	0	-5.11815
0.025433	4	2	0	32.4478
0.0254464	1	1	1	66.0634
0.0254464	1	2	0	33.1112
0.0254464	7	1	0	-5.10577
0.0254955	4	2	0	33.2843
0.0255357	1	1	1	5.96355
0.0255357	4	1	1	31.0066
0.025558	4	2	0	32.8255
0.0255714	1	2	0	36.4221
0.0256205	4	2	0	32.8153
0.0256205	7	1	0	6.78146
0.0256384	4	2	0	21.5261
0.025683	7	1	0	38.3894
0.0256964	1	2	0	61.0085
0.0257455	4	2	0	10.9276
0.0257455	7	1	0	-2.14227
0.0257589	1	2	0	36.4221
0.0257589	4	2	0	-19.4362
0.0257857	1	1	1	5.96355
0.0257857	4	1	1	31.0066
0.025808	7	1	0	38.6569
0.0258705	7	1	0	39.1801
0.0258839	1	2	0	36.4221
0.0258839	4	2	0	-19.4362
0.025933	7	1	0	38.6569
0.0259464	1	2	0	33.1112
0.0259464	4	2	0	-19.4363
0.0259554	7	1	0	37.4199
0.0260357	1	1	1	5.96355
0.0260357	4	1	1	31.0066
0.026058	7	1	0	39.0347
0.0260714	1	2	0	61.0085
0.0261205	4	2	0	10.9276
0.0261205	7	1	0	-2.14227
0.0261339	7	1	0	9.83385
0.026183	4	2	0	33.3084
0.0261964	1	2	0	35.102
0.0261964	7	1	0	-5.11815
0.0262455	4	2	0	32.4478
0.0262589	1	2	0	35.102
0.0262589	7	1	0	-5.11815
0.0262857	1	1	1	5.96355
0.0262857	4	1	1	31.0066
0.026308	4	2	0	32.4478
0.0263705	4	2	0	33.6621
0.0263839	1	2	0	35.102
0.0263839	7	1	0	-5.11815
0.026433	4	2	0	32.4478
0.0264464	1	2	0	36.4221
0.0264509	4	2	0	30.1837
0.0264955	7	1	0	38.2433
0.0265357	1	1	1	5.96355
0.0265357	4	1	1	31.0066
0.026558	4	2	0	11.3051
0.026558	7	1	0	-1.89187
0.0265714	1	2	0	36.4221
0.0265714	4	2	0	-19.4362
0.0266205	7	1	0	38.6569
0.026683	7	1	0	39.1801
0.0266964	1	2	0	36.4221
0.0266964	4	2	0	-19.4362
0.0267455	7	1	0	38.6569
0.0267589	1	2	0	34.9258
0.0267857	4	1	1	62.6319
0.026808	4	2	0	19.6732
0.026808	7	1	0	37.9353
0.0268214	4	2	0	33.193
0.0268705	7	1	0	38.6572
0.0268839	1	2	0	61.0085
0.026933	4	2	0	10.9276
0.026933	7	1	0	-2.14227
0.0269464	1	2	0	33.1112
0.0269554	7	1	0	8.14264
0.0269821	1	1	1	65.8156
0.0269955	4	2	0	32.4714
0.0270357	4	1	1	62.6319
0.027058	4	2	0	11.3051
0.027058	7	1	0	-1.89187
0.0270714	1	2	0	33.1112
0.0270714	7	1	0	-5.10577
0.0271205	4	2	0	32.8845
0.0271339	4	2	0	33.6621
0.0271964	1	2	0	35.102
0.0271964	7	1	0	-5.11815
0.0272321	1	1	1	65.8156
0.0272455	4	2	0	32.4478
0.0272589	1	2	0	35.9839
0.0272589	4	2	0	-19.4361
0.0272857	4	1	1	62.6319
0.027308	7	1	0	38.6466
0.0273259	7	1	0	38.6206
0.0273705	4	2	0	32.0802
0.0273839	1	2	0	36.4221
0.0273839	4	2	0	-19.4362
0.027433	7	1	0	38.6569
0.0274464	1	2	0	33.1112
0.0274464	4	2	0	-19.4363
0.0274821	1	1	1	65.8156
0.0274955	7	1	0	38.8024
0.0275357	4	1	1	62.6319
0.027558	7	1	0	39.0347
0.0275714	1	2	0	35.102
0.0276205	4	2	0	19.7492
0.0276205	7	1	0	38.2429
0.0276339	7	1	0	9.83385
0.027683	4	2	0	33.3084
0.0276964	1	2	0	35.102
0.0276964	7	1	0	-5.11815
0.0277321	1	1	1	65.8156
0.0277455	4	2	0	32.4478
0.0277589	1	2	0	35.102
0.0277589	7	1	0	-5.11815
0.0277857	4	1	1	62.6319
0.027808	4	2	0	32.4478
0.0278705	4	2	0	33.193
0.0278705	7	1	0	7.13655
0.0278839	1	2	0	35.102
0.0278839	7	1	0	-5.11815
0.027933	4	2	0	32.4478
0.0279464	1	2	0	36.4221
0.0279509	4	2	0	30.1837
0.0279821	1	1	1	65.8156
0.0279955	7	1	0	38.2433
0.0280357	4	1	1	31.0066
0.028058	7	1	0	39.0347
0.0280714	1	2	0	61.0085
0.0281205	4	2	0	10.9276
0.0281205	7	1	0	-2.14227
0.0281339	4	2	0	21.5261
0.028183	7	1	0	38.8028
0.0281964	1	1	1	66.0634
0.0281964	1	2	0	36.4221
0.0281964	4	2	0	-19.4362
0.0282455	7	1	0	38.6569
0.0282589	1	2	0	34.9258
0.0282857	1	1	1	5.96355
0.0282857	4	1	1	31.0066
0.028308	4	2	0	19.6732
0.028308	7	1	0	37.9353
0.0283214	4	2	0	21.5261
0.0283259	7	1	0	36.1758
0.0283839	1	2	0	36.4221
0.0283839	4	2	0	-19.4362
0.028433	7	1	0	38.6569
0.0284464	1	2	0	33.1112
0.0284464	4	2	0	-19.4363
0.0284598	7	1	0	37.9312
0.0285357	1	1	1	5.96355
0.0285357	4	1	1	31.0066
0.0285714	1	2	0	35.102
0.0285714	7	1	0	-5.11815
0.0286205	4	2	0	32.4478
0.0286339	4	2	0	33.6621
0.0286964	1	2	0	35.102
0.0286964	7	1	0	-5.11815
0.0287455	4	2	0	32.4478
0.0287589	1	2	0	35.102
0.0287589	7	1	0	-5.11815
0.0287857	1	1	1	5.96355
0.0287857	4	1	1	31.0066
0.028808	4	2	0	32.4478
0.0288705	4	2	0	33.6621
0.0288839	1	2	0	36.4221
0.028933	4	2	0	32.8153
0.028933	7	1	0	6.78146
0.0289464	1	2	0	33.1112
0.0289509	4	2	0	18.5171
0.0289955	7	1	0	38.3889
0.0290357	1	1	1	5.96355
0.0290357	4	1	1	31.0066
0.029058	7	1	0	39.0347
0.0290714	1	2	0	61.0085
0.0291205	4	2	0	10.9276
0.0291205	7	1	0	-2.14227
0.0291339	4	2	0	21.5261
0.029183	7	1	0	38.8028
0.0291964	1	2	0	36.4221
0.0291964	4	2	0	-19.4362
0.0292455	7	1	0	38.6569
0.0292589	1	2	0	34.9258
0.0292679	7	1	0	36.5528
0.0292857	1	1	1	5.96355
0.0292857	4	1	1	31.0066
0.029308	4	2	0	31.548
0.0293214	4	2	0	33.6621
0.0293839	1	2	0	36.4221
0.0293839	4	2	0	-19.4362
0.029433	7	1	0	38.6569
0.0294464	1	2	0	33.1112
0.0294464	4	2	0	-19.4363
0.0294598	7	1	0	37.9312
0.0295357	4	1	1	62.6319
0.029558	4	2	0	32.8255
0.0295714	1	2	0	33.1112
0.0295714	7	1	0	-5.10577
0.0296205	4	2	0	33.2843
0.0296339	4	2	0	33.6621
0.0296964	1	2	0	35.102
0.0296964	7	1	0	-5.11815
0.0297321	1	1	1	65.8156
0.0297455	4	2	0	32.4478
0.0297589	1	2	0	35.102
0.0297589	7	1	0	-5.11815
0.0297857	4	1	1	62.6319
0.029808	4	2	0	32.4478
0.0298705	4	2	0	32.8255
0.0298839	1	2	0	36.4221
0.0298884	4	2	0	30.1837
0.029933	7	1	0	38.2433
0.0299464	1	2	0	33.1112
0.0299464	4	2	0	-19.4363
0.0299821	1	1	1	65.8156
0.0299955	7	1	0	38.8024
0.0300357	4	1	1	62.6319
0.030058	7	1	0	39.0347
0.0300714	1	2	0	61.0085
0.0301205	4	2	0	10.9276
0.0301205	7	1	0	-2.14227
0.0301339	4	2	0	21.5261
0.030183	7	1	0	38.796
0.0301964	1	2	0	34.9258
0.0302321	1	1	1	65.8156
0.0302455	4	2	0	19.6732
0.0302455	7	1	0	37.9353
0.0302589	1	2	0	35.102
0.0302634	7	1	0	35.6114
0.0302857	4	1	1	62.6319
0.030308	4	2	0	32.0571
0.0303705	4	2	0	33.6571
0.0303839	1	2	0	36.4221
0.030433	4	2	0	32.8153
0.030433	7	1	0	6.78146
0.0304464	1	2	0	33.1112
0.0304509	4	2	0	18.5171
0.0304598	7	1	0	36.1729
0.0304821	1	1	1	65.8156
0.0305357	4	1	1	62.6319
0.0305714	1	2	0	60.7266
0.0306205	4	2	0	12.6732
0.0306205	7	1	0	33.864
0.0306339	4	2	0	21.5261
0.0306339	7	1	0	9.83385
0.0306964	1	2	0	33.1112
0.0306964	4	2	0	-19.4363
0.0306964	7	1	0	-5.10577
0.0307321	1	1	1	65.8156
0.0307589	1	2	0	34.9258
0.0307589	7	1	0	-5.12297
0.0307857	4	1	1	31.0066
0.030808	4	2	0	32.368
0.0308214	4	2	0	33.6621
0.0308839	1	2	0	33.1112
0.0308839	4	2	0	-19.4363
0.0308839	7	1	0	-5.10577
0.0309464	1	1	1	66.0634
0.0309464	1	2	0	36.4221
0.0309464	4	2	0	-19.4362
0.0309955	7	1	0	38.6564
0.0310357	1	1	1	5.96355
0.0310357	4	1	1	31.0066
0.031058	4	2	0	11.3051
0.031058	7	1	0	-1.89187
0.0310714	1	2	0	36.4221
0.0311205	4	2	0	32.8153
0.0311205	7	1	0	6.78146
0.0311339	4	2	0	21.5261
0.031183	7	1	0	38.8028
0.0311964	1	2	0	61.0085
0.0312455	4	2	0	10.9276
0.0312455	7	1	0	-2.14227
0.0312589	1	2	0	35.102
0.0312857	1	1	1	5.96355
0.0312857	4	1	1	31.0066
0.031308	4	2	0	19.7492
0.031308	7	1	0	38.2429
0.0313705	4	2	0	11.3051
0.0313705	7	1	0	-1.89187
0.0313839	1	2	0	33.1112
0.0313884	4	2	0	18.5171
0.0314062	7	1	0	37.4208
0.0314464	1	2	0	33.1112
0.0314464	4	2	0	-19.4363
0.0314464	7	1	0	-5.10577
0.0315357	1	1	1	5.96355
0.0315357	4	1	1	31.0066
0.031558	7	1	0	39.0347
0.0315714	1	2	0	33.1112
0.0315714	4	2	0	-19.4363
0.0315759	7	1	0	36.1709
0.031683	7	1	0	39.0347
0.0316964	1	2	0	34.9258
0.0317009	7	1	0	35.3038
0.0317455	4	2	0	31.9773
0.0317589	1	2	0	61.0085
0.0317857	1	1	1	5.96355
0.0317857	4	1	1	31.0066
0.031808	4	2	0	10.9276
0.031808	7	1	0	-2.14227
0.0318705	4	2	0	21.5261
0.0318705	7	1	0	9.83385
0.0318839	1	2	0	35.102
0.0318839	7	1	0	-5.11815
0.031933	4	2	0	32.4478
0.0319464	1	2	0	33.1112
0.0319464	7	1	0	-5.10577
0.0319955	4	2	0	33.2843
0.0320357	1	1	1	5.96355
0.0320357	4	1	1	31.0066
0.032058	4	2	0	33.6621
0.0320714	1	2	0	36.4221
0.0320759	4	2	0	30.1837
0.0321205	7	1	0	38.1754
0.0321384	7	1	0	39.1801
0.0321964	1	2	0	61.0085
0.0322455	4	2	0	10.9276
0.0322455	7	1	0	-2.14227
0.0322589	1	2	0	36.4221
0.0322589	4	2	0	-19.4362
0.0322857	4	1	1	62.6319
0.032308	7	1	0	38.6569
0.0323705	7	1	0	39.1801
0.0323839	1	2	0	34.9258
0.032433	4	2	0	19.6732
0.032433	7	1	0	37.9353
0.0324464	1	2	0	33.1112
0.0324509	4	2	0	18.5171
0.0324509	7	1	0	6.96154
0.0324821	1	1	1	65.8156
0.0325357	4	1	1	62.6319
0.032558	7	1	0	39.0347
0.0325714	1	2	0	35.102
0.0325759	7	1	0	35.6114
0.0326205	4	2	0	32.0571
0.032683	4	2	0	33.6621
0.0326964	1	2	0	33.1112
0.0326964	7	1	0	-5.10577
0.0327321	1	1	1	65.8156
0.0327455	4	2	0	33.2843
0.0327589	1	2	0	36.1458
0.0327589	4	2	0	-19.4362
0.0327857	4	1	1	62.6319
0.032808	7	1	0	38.6495
0.0328259	7	1	0	39.1801
0.0328839	1	2	0	35.102
0.0328839	7	1	0	-5.11815
0.032933	4	2	0	32.4478
0.0329464	1	2	0	33.1112
0.0329464	4	2	0	-19.4363
0.0329464	7	1	0	-5.10577
0.0329643	1	1	1	65.7795
0.0330357	4	1	1	62.6319
0.033058	7	1	0	39.0347
0.0330714	1	2	0	35.102
0.0331205	4	2	0	19.7492
0.0331205	7	1	0	38.2429
0.0331339	7	1	0	9.83385
0.033183	4	2	0	33.3084
0.0331964	1	2	0	36.4221
0.0332321	1	1	1	65.8156
0.0332455	4	2	0	32.8153
0.0332455	7	1	0	6.78146
0.0332589	1	2	0	61.0085
0.0332857	4	1	1	62.6319
0.033308	4	2	0	10.9276
0.033308	7	1	0	-2.14227
0.0333661	4	2	0	21.5261
0.0333705	7	1	0	28.3832
0.0333839	1	2	0	35.102
0.0333884	7	1	0	35.6114
0.033433	4	2	0	32.0571
0.0334464	1	2	0	36.4221
0.0334509	4	2	0	30.1837
0.0334821	1	1	1	65.8156
0.0334955	7	1	0	38.2433
0.0335357	4	1	1	31.0066
0.033558	7	1	0	39.0347
0.0335714	1	2	0	61.0085
0.0336205	4	2	0	10.9276
0.0336205	7	1	0	-2.14227
0.0336339	4	2	0	21.5261
0.0336473	7	1	0	37.9328
0.0336964	1	1	1	66.0634
0.0336964	1	2	0	36.1458
0.0336964	4	2	0	-19.4362
0.0337455	7	1	0	38.6495
0.0337589	1	2	0	34.9258
0.0337634	7	1	0	35.3038
0.0337857	1	1	1	5.96355
0.0337857	4	1	1	31.0066
0.033808	4	2	0	31.9773
0.0338214	4	2	0	33.6621
0.0338839	1	2	0	36.4221
0.0338839	4	2	0	-19.4362
0.033933	7	1	0	38.6569
0.0339464	1	2	0	33.1112
0.0339464	4	2	0	-19.4363
0.0339598	7	1	0	37.9312
0.0340357	1	1	1	5.96355
0.0340357	4	1	1	31.0066
0.034058	4	2	0	32.8255
0.0340714	1	2	0	33.1112
0.0340714	7	1	0	-5.10577
0.0341205	4	2	0	33.2843
0.0341339	4	2	0	33.6621
0.0341964	1	2	0	35.102
0.0341964	7	1	0	-5.11815
0.0342455	4	2	0	32.4478
0.0342589	1	2	0	35.102
0.0342589	7	1	0	-5.11815
0.0342857	1	1	1	5.96355
0.0342857	4	1	1	31.0066
0.034308	4	2	0	32.4478
0.0343705	4	2	0	32.8255
0.0343839	1	2	0	36.4221
0.0343884	4	2	0	30.1837
0.034433	7	1	0	38.2433
0.0344464	1	2	0	33.1112
0.0344464	4	2	0	-19.4363
0.0344955	7	1	0	38.8024
0.0345357	1	1	1	5.96355
0.0345357	4	1	1	31.0066
0.034558	7	1	0	39.0347
0.0345714	1	2	0	36.4221
0.0345714	4	2	0	-19.4362
0.0346205	7	1	0	38.6569
0.034683	7	1	0	39.1801
0.0346964	1	2	0	34.9258
0.0347455	4	2	0	19.6732
0.0347455	7	1	0	37.9353
0.0347589	1	2	0	35.102
0.0347634	7	1	0	35.6114
0.0347857	1	1	1	5.96355
0.0347857	4	1	1	31.0066
0.034808	4	2	0	32.0571
0.0348705	4	2	0	33.6621
0.0348839	1	2	0	35.102
0.0348839	7	1	0	-5.11815
0.034933	4	2	0	32.4478
0.0349464	1	2	0	33.1112
0.0349464	7	1	0	-5.10577
0.0349955	4	2	0	33.2843
0.0350357	4	1	1	62.6319
0.035058	4	2	0	33.6621
0.0350714	1	2	0	60.7266
0.0351205	4	2	0	12.6732
0.0351205	7	1	0	33.864
0.0351339	7	1	0	9.83385
0.0351384	4	2	0	30.9104
0.0351964	1	2	0	36.4221
0.0351964	4	2	0	-19.4362
0.0352321	1	1	1	65.8156
0.0352455	7	1	0	38.6569
0.0352589	1	2	0	36.4221
0.0352589	4	2	0	-19.4362
0.0352857	4	1	1	62.6319
0.035308	7	1	0	38.6569
0.0353661	7	1	0	39.1801
0.0353839	1	2	0	33.1112
0.0353839	4	2	0	-19.4363
0.035433	7	1	0	38.8024
0.0354464	1	2	0	36.4221
0.0354464	4	2	0	-19.4362
0.0354821	1	1	1	65.7687
0.0354955	7	1	0	38.6569
0.0355223	7	1	0	38.6206
0.0355357	4	1	1	62.6319
0.035558	4	2	0	31.1798
0.0355714	1	2	0	61.0085
0.0356205	4	2	0	10.9276
0.0356205	7	1	0	-2.14227
0.0356339	7	1	0	9.83385
0.035683	4	2	0	33.3084
0.0356964	1	2	0	35.102
0.0356964	7	1	0	-5.11815
0.0357321	1	1	1	65.8156
0.0357455	4	2	0	32.4478
0.0357589	1	2	0	35.102
0.0357589	7	1	0	-5.11815
0.0357857	4	1	1	62.6319
0.035808	4	2	0	32.4478
0.0358705	4	2	0	32.8255
0.0358839	1	2	0	35.102
0.0358839	7	1	0	-5.11815
0.035933	4	2	0	32.4478
0.0359464	1	2	0	36.4221
0.0359554	4	2	0	31.4328
0.0359643	1	1	1	65.7795
0.0359955	7	1	0	37.7854
0.0360357	4	1	1	62.6319
0.036058	4	2	0	11.3051
0.036058	7	1	0	-1.89187
0.0360714	1	2	0	61.0085
0.0361205	4	2	0	10.9276
0.0361205	7	1	0	-2.14227
0.0361339	4	2	0	21.5261
0.036183	7	1	0	38.8028
0.0361964	1	2	0	36.4221
0.0361964	4	2	0	-19.4362
0.0362321	1	1	1	65.8156
0.0362455	7	1	0	38.6569
0.0362589	1	2	0	34.7386
0.0362857	4	1	1	31.0066
0.036308	4	2	0	19.8515
0.036308	7	1	0	37.6039
0.0363214	4	2	0	33.193
0.0363705	7	1	0	38.6572
0.0363839	1	2	0	36.4221
0.0363839	4	2	0	-19.4362
0.036433	7	1	0	38.6569
0.0364464	1	1	1	66.0634
0.0364464	1	2	0	33.1112
0.0364464	4	2	0	-19.4363
0.0364821	7	1	0	38.6688
0.0365357	1	1	1	5.96355
0.0365357	4	1	1	31.0066
0.036558	4	2	0	32.8255
0.0365714	1	2	0	33.1112
0.0365714	7	1	0	-5.10577
0.0366205	4	2	0	33.2843
0.0366339	4	2	0	33.6621
0.0366964	1	2	0	35.102
0.0366964	7	1	0	-5.11815
0.0367455	4	2	0	32.4478
0.0367589	1	2	0	35.102
0.0367589	7	1	0	-5.11815
0.0367857	1	1	1	5.96355
0.0367857	4	1	1	31.0066
0.036808	4	2	0	32.4478
0.0368705	4	2	0	33.6621
0.0368839	1	2	0	36.4221
0.0368884	4	2	0	30.1837
0.036933	7	1	0	38.2433
0.0369464	1	2	0	33.1112
0.0369464	4	2	0	-19.4363
0.0369955	7	1	0	38.8024
0.0370357	1	1	1	5.96355
0.0370357	4	1	1	31.0066
0.037058	4	2	0	11.3051
0.037058	7	1	0	-1.89187
0.0370714	1	2	0	61.0085
0.0371205	4	2	0	10.8521
0.0371205	7	1	0	-2.14228
0.0371339	4	2	0	21.5261
0.037183	7	1	0	38.8028
0.0371964	1	2	0	60.7266
0.0372455	4	2	0	27.4969
0.0372455	7	1	0	-0.413179
0.0372589	1	2	0	35.102
0.0372634	7	1	0	35.6114
0.0372857	1	1	1	5.96355
0.0372857	4	1	1	31.0066
0.037308	4	2	0	32.0571
0.0373705	4	2	0	33.193
0.0373705	7	1	0	7.13655
0.0373839	1	2	0	36.4221
0.0373884	4	2	0	30.1837
0.037433	7	1	0	38.2433
0.0374464	1	2	0	33.1112
0.0374464	4	2	0	-19.4363
0.0374598	7	1	0	37.9312
0.0375357	1	1	1	5.96355
0.0375357	4	1	1	31.0066
0.0375714	1	2	0	60.7266
0.0376205	4	2	0	12.6732
0.0376205	7	1	0	33.864
0.0376339	4	2	0	21.5261
0.0376339	7	1	0	9.83385
0.0376964	1	2	0	34.9258
0.0376964	7	1	0	-5.12297
0.0377455	4	2	0	32.368
0.0377589	1	2	0	35.102
0.0377589	7	1	0	-5.11815
0.0377857	4	1	1	62.6319
0.037808	4	2	0	32.4478
0.0378705	4	2	0	33.6621
0.0378839	1	2	0	33.1112
0.0378839	7	1	0	-5.10577
0.037933	4	2	0	33.2843
0.0379464	1	2	0	36.4221
0.0379509	4	2	0	30.1837
0.0379821	1	1	1	65.8156
0.0379955	7	1	0	38.2433
0.0380357	4	1	1	62.6319
0.038058	7	1	0	39.0347
0.0380714	1	2	0	61.0085
0.0381205	4	2	0	10.9276
0.0381205	7	1	0	-2.14227
0.0381339	4	2	0	21.5261
0.038183	7	1	0	38.8028
0.0381964	1	2	0	36.4221
0.0381964	4	2	0	-19.4362
0.0382321	1	1	1	65.8156
0.0382455	7	1	0	38.6569
0.0382589	1	2	0	34.9258
0.0382857	4	1	1	62.6319
0.038308	4	2	0	19.6732
0.038308	7	1	0	37.9353
0.0383214	4	2	0	21.5261
0.0383259	7	1	0	36.1758
0.0383839	1	2	0	36.4221
0.0383839	4	2	0	-19.4362
0.038433	7	1	0	38.6569
0.0384464	1	2	0	33.1112
0.0384464	4	2	0	-19.4363
0.0384598	7	1	0	37.9312
0.0384821	1	1	1	65.8156
0.0385357	4	1	1	62.6319
0.0385714	1	2	0	35.102
0.0385714	7	1	0	-5.11815
0.0386205	4	2	0	32.4478
0.0386339	4	2	0	33.6621
0.0386964	1	2	0	35.102
0.0386964	7	1	0	-5.11815
0.0387321	1	1	1	65.8156
0.0387455	4	2	0	32.4478
0.0387589	1	2	0	35.102
0.0387589	7	1	0	-5.11815
0.0387857	4	1	1	62.6319
0.038808	4	2	0	32.4478
0.0388705	4	2	0	33.6621
0.0388839	1	2	0	36.4221
0.038933	4	2	0	32.8153
0.038933	7	1	0	6.78146
0.0389464	1	2	0	33.1112
0.0389509	4	2	0	18.5171
0.0389821	1	1	1	65.8156
0.0389955	7	1	0	38.3889
0.0390357	4	1	1	31.0066
0.039058	7	1	0	39.0347
0.0390714	1	2	0	61.0085
0.0391205	4	2	0	10.9276
0.0391205	7	1	0	-2.14227
0.0391339	4	2	0	21.5261
0.039183	7	1	0	38.8028
0.0391964	1	1	1	66.0634
0.0391964	1	2	0	36.4221
0.0391964	4	2	0	-19.4362
0.0392455	7	1	0	38.6569
0.0392589	1	2	0	34.9258
0.0392679	7	1	0	36.5528
0.0392857	1	1	1	5.96355
0.0392857	4	1	1	31.0066
0.039308	4	2	0	31.548
0.0393214	4	2	0	33.193
0.0393705	7	1	0	38.6572
0.0393839	1	2	0	36.4221
0.0393839	4	2	0	-19.4362
0.039433	7	1	0	38.6569
0.0394464	1	2	0	33.1112
0.0394464	4	2	0	-19.4363
0.0394598	7	1	0	37.9312
0.0395357	1	1	1	5.96355
0.0395357	4	1	1	31.0066
0.039558	4	2	0	32.8255
0.0395714	1	2	0	33.1112
0.0395714	7	1	0	-5.10577
0.0396205	4	2	0	33.2843
0.0396339	4	2	0	33.6621
0.0396964	1	2	0	35.102
0.0396964	7	1	0	-5.11815
0.0397455	4	2	0	32.4478
0.0397589	1	2	0	35.102
0.0397589	7	1	0	-5.11815
0.0397857	1	1	1	5.96355
0.0397857	4	1	1	31.0066
0.039808	4	2	0	32.4478
0.0398705	4	2	0	32.8255
0.0398839	1	2	0	36.4221
0.0398884	4	2	0	30.1837
0.039933	7	1	0	38.2433
0.0399464	1	2	0	33.1112
0.0399464	4	2	0	-19.4363
0.0399955	7	1	0	38.8024
0.0400357	1	1	1	5.96355
0.0400357	4	1	1	31.0066
0.040058	7	1	0	39.0347
0.0400714	1	2	0	36.4221
0.0400714	4	2	0	-19.4362
0.0401205	7	1	0	38.6569
0.040183	7	1	0	39.1738
0.0401964	1	2	0	60.7266
0.0402455	4	2	0	27.4969
0.0402455	7	1	0	-0.413179
0.0402589	1	2	0	35.102
0.0402634	7	1	0	35.6114
0.0402857	1	1	1	5.96355
0.0402857	4	1	1	31.0066
0.040308	4	2	0	32.0571
0.0403705	4	2	0	33.6571
0.0403839	1	2	0	61.0085
0.040433	4	2	0	10.9276
0.040433	7	1	0	-2.14227
0.0404464	1	2	0	33.1112
0.0404464	7	1	0	-5.10577
0.0404955	4	2	0	33.2843
0.0405357	4	1	1	62.6319
0.040558	4	2	0	33.6621
0.0405714	1	2	0	36.1458
0.0405759	4	2	0	29.9458
0.0406205	7	1	0	38.2358
0.0406339	7	1	0	39.1801
0.0406964	1	2	0	35.102
0.0406964	7	1	0	-5.11815
0.0407321	1	1	1	65.8156
0.0407455	4	2	0	32.4478
0.0407589	1	2	0	36.4221
0.0407589	4	2	0	-19.4362
0.0407857	4	1	1	62.6319
0.040808	7	1	0	38.6569
0.0408705	7	1	0	39.1801
0.0408839	1	2	0	33.1112
0.0408839	4	2	0	-19.4363
0.040933	7	1	0	38.8024
0.0409464	1	2	0	33.1112
0.0409464	4	2	0	-19.4363
0.0409464	7	1	0	-5.10577
0.0409821	1	1	1	65.8156
0.0410357	4	1	1	62.6319
0.041058	7	1	0	39.0347
0.0410714	1	2	0	35.102
0.0411205	4	2	0	19.7492
0.0411205	7	1	0	38.2429
0.0411339	7	1	0	9.83385
0.041183	4	2	0	33.3084
0.0411964	1	2	0	35.102
0.0411964	7	1	0	-5.11815
0.0412321	1	1	1	65.8156
0.0412455	4	2	0	32.4478
0.0412589	1	2	0	61.0085
0.0412857	4	1	1	62.6319
0.041308	4	2	0	10.9276
0.041308	7	1	0	-2.14227
0.0413705	4	2	0	21.5261
0.0413705	7	1	0	9.83385
0.0413839	1	2	0	33.1112
0.0413839	7	1	0	-5.10577
0.041433	4	2	0	33.2843
0.0414464	1	2	0	36.4221
0.0414509	4	2	0	30.1837
0.0414821	1	1	1	65.8156
0.0414955	7	1	0	38.2433
0.0415357	4	1	1	62.6319
0.041558	7	1	0	39.0347
0.0415714	1	2	0	36.4221
0.0415714	4	2	0	-19.4362
0.0416205	7	1	0	38.6569
0.0416473	7	1	0	39.1801
0.0416964	1	2	0	36.4221
0.0416964	4	2	0	-19.4362
0.0417321	1	1	1	65.8156
0.0417455	7	1	0	38.6569
0.0417589	1	2	0	33.1112
0.0417589	4	2	0	-19.4363
0.0417857	4	1	1	31.0066
0.041808	7	1	0	38.8024
0.0418214	7	1	0	39.1801
0.0418839	1	2	0	35.102
0.0418839	7	1	0	-5.11815
0.041933	4	2	0	32.4478
0.0419464	1	1	1	66.0634
0.0419464	1	2	0	33.1112
0.0419464	7	1	0	-5.10577
0.0419955	4	2	0	33.2843
0.0420357	1	1	1	5.96355
0.0420357	4	1	1	31.0066
0.042058	4	2	0	32.8255
0.0420714	1	2	0	35.102
0.0420714	7	1	0	-5.11815
0.0421205	4	2	0	32.0466
0.042183	4	2	0	33.6621
0.0421964	1	2	0	36.4221
0.0422455	4	2	0	32.8153
0.0422455	7	1	0	6.78146
0.0422589	1	2	0	36.4221
0.0422634	4	2	0	30.1837
0.0422857	1	1	1	5.96355
0.0422857	4	1	1	31.0066
0.042308	7	1	0	38.2433
0.0423705	7	1	0	39.1801
0.0423839	1	2	0	36.4221
0.0423839	4	2	0	-19.4362
0.042433	7	1	0	38.6569
0.0424464	1	2	0	33.1112
0.0424464	4	2	0	-19.4363
0.0424955	7	1	0	38.8024
0.0425357	1	1	1	5.96355
0.0425357	4	1	1	31.0066
0.042558	7	1	0	39.0347
0.0425714	1	2	0	33.1112
0.0425714	4	2	0	-19.4363
0.0425804	7	1	0	37.4199
0.0426964	1	2	0	35.102
0.0426964	7	1	0	-5.11815
0.0427455	4	2	0	32.4478
0.0427589	1	2	0	35.102
0.0427589	7	1	0	-5.11815
0.0427857	1	1	1	5.96355
0.0427857	4	1	1	31.0066
0.042808	4	2	0	32.4478
0.0428705	4	2	0	33.6621
0.0428839	1	2	0	35.102
0.0428839	7	1	0	-5.11815
0.042933	4	2	0	32.4478
0.0429464	1	2	0	33.1112
0.0429464	7	1	0	-5.10577
0.0429955	4	2	0	33.2843
0.0430357	1	1	1	5.96355
0.0430357	4	1	1	31.0066
0.043058	4	2	0	33.193
0.043058	7	1	0	7.13655
0.0430714	1	2	0	61.0085
0.0431205	4	2	0	10.9276
0.0431205	7	1	0	-2.14227
0.0431384	4	2	0	21.5261
0.043183	7	1	0	38.3894
0.0431964	1	2	0	36.4221
0.0431964	4	2	0	-19.4362
0.0432455	7	1	0	38.6569
0.0432589	1	2	0	36.4221
0.0432589	4	2	0	-19.4362
0.0432857	4	1	1	62.6319
0.043308	7	1	0	38.6569
0.0433705	7	1	0	39.0224
0.0433839	1	2	0	36.4221
0.0433839	4	2	0	-19.4362
0.043433	7	1	0	38.6569
0.0434464	1	2	0	33.1112
0.0434464	4	2	0	-19.4363
0.0434777	7	1	0	38.6004
0.0434821	1	1	1	65.8156
0.0435357	4	1	1	62.6319
0.0435714	1	2	0	35.102
0.0435714	7	1	0	-5.11815
0.0436205	4	2	0	32.4478
0.043683	4	2	0	32.8255
0.0436964	1	2	0	35.102
0.0436964	7	1	0	-5.11815
0.0437321	1	1	1	65.8156
0.0437455	4	2	0	32.4478
0.0437589	1	2	0	35.102
0.0437589	7	1	0	-5.11815
0.0437857	4	1	1	62.6319
0.043808	4	2	0	32.4478
0.0438705	4	2	0	33.6621
0.0438839	1	2	0	36.4221
0.043933	4	2	0	32.8153
0.043933	7	1	0	6.78146
0.0439464	1	2	0	35.102
0.0439821	1	1	1	65.8156
0.0439955	4	2	0	19.7492
0.0439955	7	1	0	38.2429
0.0440134	4	2	0	33.193
0.0440357	4	1	1	62.6319
0.044058	7	1	0	38.2436
0.0440714	1	2	0	61.0085
0.0441205	4	2	0	10.9276
0.0441205	7	1	0	-2.14227
0.0441339	4	2	0	21.5261
0.044183	7	1	0	38.8028
0.0441964	1	2	0	36.4221
0.0441964	4	2	0	-19.4362
0.0442321	1	1	1	65.8156
0.0442455	7	1	0	38.6569
0.0442589	1	2	0	33.1112
0.0442589	4	2	0	-19.4363
0.0442679	7	1	0	37.4199
0.0442857	4	1	1	62.6319
0.0443839	1	2	0	36.4221
0.0443839	4	2	0	-19.4362
0.044433	7	1	0	38.6569
0.0444464	1	2	0	33.1112
0.0444464	4	2	0	-19.4363
0.0444598	7	1	0	37.9312
0.0444821	1	1	1	65.8156
0.0445357	4	1	1	31.0066
0.044558	4	2	0	32.8255
0.0445714	1	2	0	35.102
0.0445714	7	1	0	-5.11815
0.0446205	4	2	0	32.4478
0.044683	4	2	0	33.6621
0.0446964	1	1	1	66.0634
0.0446964	1	2	0	35.102
0.0446964	7	1	0	-5.11815
0.0447455	4	2	0	32.4478
0.0447589	1	2	0	35.102
0.0447589	7	1	0	-5.11815
0.0447857	1	1	1	5.96355
0.0447857	4	1	1	31.0066
0.044808	4	2	0	32.4478
0.0448705	4	2	0	32.8255
0.0448839	1	2	0	36.4221
0.0448884	4	2	0	30.1837
0.044933	7	1	0	38.2433
0.0449464	1	2	0	33.1112
0.0449464	4	2	0	-19.4363
0.0449955	7	1	0	38.8024
0.0450357	1	1	1	5.96355
0.0450357	4	1	1	31.0066
0.045058	7	1	0	39.0347
0.0450714	1	2	0	61.0085
0.0451205	4	2	0	10.9276
0.0451205	7	1	0	-2.14227
0.0451339	4	2	0	21.5261
0.045183	7	1	0	38.796
0.0451964	1	2	0	34.9258
0.0452455	4	2	0	19.6732
0.0452455	7	1	0	37.9353
0.0452589	1	2	0	35.102
0.0452634	7	1	0	35.6114
0.0452857	1	1	1	5.96355
0.0452857	4	1	1	31.0066
0.045308	4	2	0	32.0571
0.0453705	4	2	0	33.6571
0.0453839	1	2	0	36.4221
0.045433	4	2	0	32.8153
0.045433	7	1	0	6.78146
0.0454464	1	2	0	33.1112
0.0454509	4	2	0	18.5171
0.0454598	7	1	0	36.1729
0.0455357	1	1	1	5.96355
0.0455357	4	1	1	31.0066
0.0455714	1	2	0	36.1458
0.0455714	4	2	0	-19.4362
0.0456205	7	1	0	38.6495
0.0456339	7	1	0	39.1801
0.0456964	1	2	0	33.1112
0.0456964	4	2	0	-19.4363
0.0456964	7	1	0	-5.10577
0.0457589	1	2	0	34.9258
0.0457589	7	1	0	-5.12297
0.0457857	1	1	1	5.96355
0.0457857	4	1	1	31.0066
0.045808	4	2	0	32.368
0.0458214	4	2	0	33.6621
0.0458839	1	2	0	35.102
0.0458839	7	1	0	-5.11815
0.045933	4	2	0	32.4478
0.0459464	1	2	0	33.1112
0.0459464	7	1	0	-5.10577
0.0459955	4	2	0	33.1455
0.0460357	4	1	1	62.6319
0.046058	4	2	0	11.3051
0.046058	7	1	0	-1.89187
0.0460714	1	2	0	36.4221
0.0461205	4	2	0	32.8153
0.0461205	7	1	0	6.78146
0.0461339	4	2	0	21.5261
0.046183	7	1	0	38.8028
0.0461964	1	2	0	61.0085
0.0462321	1	1	1	65.8156
0.0462455	4	2	0	10.9276
0.0462455	7	1	0	-2.14227
0.0462589	1	2	0	36.4221
0.0462589	4	2	0	-19.4362
0.0462857	4	1	1	62.6319
0.046308	7	1	0	38.6569
0.0463705	4	2	0	11.3051
0.0463705	7	1	0	-1.89187
0.0463839	1	2	0	33.1112
0.0463839	4	2	0	-19.4363
0.0464018	7	1	0	38.2114
0.0464464	1	2	0	33.1112
0.0464464	4	2	0	-19.4363
0.0464464	7	1	0	-5.10577
0.0464821	1	1	1	65.8156
0.0465357	4	1	1	62.6319
0.046558	7	1	0	39.0347
0.0465714	1	2	0	35.102
0.0465759	7	1	0	35.6114
0.0466205	4	2	0	32.0571
0.046683	4	2	0	33.193
0.046683	7	1	0	7.13655
0.0466964	1	2	0	35.102
0.0467009	7	1	0	35.6114
0.0467321	1	1	1	65.8156
0.0467455	4	2	0	32.0571
0.0467589	1	2	0	61.0085
0.0467857	4	1	1	62.6319
0.046808	4	2	0	10.9276
0.046808	7	1	0	-2.14227
0.0468705	4	2	0	21.5261
0.0468705	7	1	0	9.83385
0.0468839	1	2	0	35.102
0.0468839	7	1	0	-5.11815
0.046933	4	2	0	32.4478
0.0469464	1	2	0	33.1112
0.0469464	7	1	0	-5.10577
0.0469509	4	2	0	30.6527
0.0469821	1	1	1	65.8156
0.0470357	4	1	1	62.6319
0.047058	4	2	0	32.8255
0.0470714	1	2	0	36.4221
0.0470714	4	2	0	-19.4362
0.0471205	7	1	0	38.5953
0.0471384	7	1	0	39.1801
0.0471964	1	2	0	36.4221
0.0471964	4	2	0	-19.4362
0.0472321	1	1	1	65.8156
0.0472455	7	1	0	38.6569
0.0472589	1	2	0	36.4221
0.0472589	4	2	0	-19.4362
0.0472857	4	1	1	31.0066
0.047308	7	1	0	38.6569
0.0473705	7	1	0	39.1801
0.0473839	1	2	0	35.102
0.047433	4	2	0	19.7492
0.047433	7	1	0	38.2429
0.0474464	1	1	1	66.0634
0.0474464	1	2	0	33.1112
0.0474509	7	1	0	6.96154
0.0474955	4	2	0	32.8969
0.0475357	1	1	1	5.96355
0.0475357	4	1	1	31.0066
0.047558	4	2	0	32.8255
0.0475714	1	2	0	35.102
0.0475714	7	1	0	-5.11815
0.0476205	4	2	0	32.4478
0.047683	4	2	0	33.6621
0.0476964	1	2	0	35.102
0.0476964	7	1	0	-5.11815
0.0477455	4	2	0	32.4478
0.0477589	1	2	0	36.1458
0.0477634	4	2	0	29.9458
0.0477857	1	1	1	5.96355
0.0477857	4	1	1	31.0066
0.047808	7	1	0	38.2358
0.0478259	7	1	0	38.6206
0.0478705	4	2	0	32.0802
0.0478839	1	2	0	61.0085
0.047933	4	2	0	10.9276
0.047933	7	1	0	-2.14227
0.0479464	1	2	0	33.1112
0.0479464	4	2	0	-19.4363
0.0479955	7	1	0	38.8024
0.0480357	1	1	1	5.96355
0.0480357	4	1	1	31.0066
0.048058	7	1	0	39.0347
0.0480714	1	2	0	34.9258
0.0481205	4	2	0	19.6732
0.0481205	7	1	0	37.9353
0.0481339	4	2	0	21.5261
0.0481339	7	1	0	9.83385
0.0481964	1	2	0	36.4221
0.0481964	4	2	0	-19.4362
0.0482455	7	1	0	38.6569
0.0482589	1	2	0	35.102
0.0482723	7	1	0	37.3717
0.0482857	1	1	1	5.96355
0.0482857	4	1	1	31.0066
0.048308	4	2	0	31.1513
0.0483661	4	2	0	33.6621
0.0483839	1	2	0	33.1112
0.0483839	7	1	0	-5.10577
0.048433	4	2	0	33.2843
0.0484464	1	2	0	36.4221
0.0484464	4	2	0	-19.4362
0.0484955	7	1	0	38.6569
0.0485134	7	1	0	39.1801
0.0485357	1	1	1	5.96355
0.0485357	4	1	1	31.0066
0.0485714	1	2	0	35.102
0.0485714	7	1	0	-5.11815
0.0486205	4	2	0	32.4478
0.048683	4	2	0	32.8255
0.0486964	1	2	0	36.4221
0.0486964	4	2	0	-19.4362
0.0487455	7	1	0	38.6569
0.0487589	1	2	0	35.102
0.0487857	4	1	1	62.6319
0.048808	4	2	0	19.7492
0.048808	7	1	0	38.2429
0.0488214	7	1	0	9.83385
0.0488705	4	2	0	33.3084
0.0488839	1	2	0	36.4221
0.048933	4	2	0	32.8153
0.048933	7	1	0	6.78146
0.0489464	1	2	0	33.1112
0.0489464	4	2	0	-19.4363
0.0489821	1	1	1	65.8156
0.0489955	7	1	0	38.8024
0.0490357	4	1	1	62.6319
0.049058	4	2	0	20.1269
0.049058	7	1	0	38.6206
0.0490714	1	2	0	35.102
0.0490714	7	1	0	-5.11815
0.0491205	4	2	0	32.4478
0.0491339	4	2	0	33.193
0.049183	7	1	0	38.6572
0.0491964	1	2	0	36.4221
0.0491964	4	2	0	-19.4362
0.0492321	1	1	1	65.8156
0.0492455	7	1	0	38.6569
0.0492589	1	2	0	35.102
0.0492634	7	1	0	35.6114
0.0492857	4	1	1	62.6319
0.049308	4	2	0	32.0571
0.0493705	4	2	0	32.8255
0.0493839	1	2	0	36.4221
0.0493839	4	2	0	-19.4362
0.049433	7	1	0	38.6569
0.0494464	1	2	0	33.1112
0.0494464	4	2	0	-19.4363
0.0494821	1	1	1	65.8156
0.0494955	7	1	0	38.8024
0.0495089	7	1	0	38.6206
0.0495357	4	1	1	62.6319
0.049558	4	2	0	32.4689
0.0495714	1	2	0	35.102
0.0495714	7	1	0	-5.11815
0.0496205	4	2	0	32.4478
0.0496339	4	2	0	33.6621
0.0496964	1	2	0	35.102
0.0496964	7	1	0	-5.11815
0.0497321	1	1	1	65.8156
0.0497455	4	2	0	32.4478
0.0497589	1	2	0	35.102
0.0497589	7	1	0	-5.11815
0.0497857	4	1	1	62.6319
0.049808	4	2	0	32.4478
0.0498705	4	2	0	11.3051
0.0498705	7	1	0	-1.89187
0.0498839	1	2	0	36.4221
0.0498884	4	2	0	30.1837
0.049933	7	1	0	38.2433
0.0499464	1	2	0	33.1112
0.0499464	4	2	0	-19.4363
0.0499821	1	1	1	65.8156
0.0499955	7	1	0	38.8024
0.0500357	4	1	1	31.0066
0.050058	4	2	0	11.3051
0.050058	7	1	0	-1.89187
0.0500714	1	2	0	61.0085
0.0501205	4	2	0	10.9276
0.0501205	7	1	0	-2.14227
0.0501339	4	2	0	21.5261
0.050183	7	1	0	38.796
0.0501964	1	1	1	66.0634
0.0501964	1	2	0	60.7266
0.0502455	4	2	0	27.4969
0.0502455	7	1	0	-0.413179
0.0502589	1	2	0	35.102
0.0502634	7	1	0	35.6114
0.0502857	1	1	1	5.96355
0.0502857	4	1	1	31.0066
0.050308	4	2	0	32.0571
0.0503661	7	1	0	7.42585
0.0503705	4	2	0	33.0128
0.0503839	1	2	0	36.4221
0.0503884	4	2	0	30.1837
0.050433	7	1	0	38.2433
0.0504464	1	2	0	33.1112
0.0504464	4	2	0	-19.4363
0.0504598	7	1	0	37.9312
0.0505357	1	1	1	5.96355
0.0505357	4	1	1	31.0066
0.0505714	1	2	0	36.1458
0.0505714	4	2	0	-19.4362
0.0506205	7	1	0	38.6495
0.0506339	7	1	0	39.1801
0.0506964	1	2	0	34.9258
0.0506964	7	1	0	-5.12297
0.0507455	4	2	0	32.368
0.0507589	1	2	0	35.102
0.0507589	7	1	0	-5.11815
0.0507857	1	1	1	5.96355
0.0507857	4	1	1	31.0066
0.050808	4	2	0	32.4478
0.0508705	4	2	0	33.6621
0.0508839	1	2	0	35.102
0.0508839	7	1	0	-5.11815
0.050933	4	2	0	32.4478
0.0509464	1	2	0	33.1112
0.0509464	7	1	0	-5.10577
0.0509955	4	2	0	33.1455
0.0510357	1	1	1	5.96355
0.0510357	4	1	1	31.0066
0.051058	4	2	0	33.193
0.051058	7	1	0	7.13655
0.0510714	1	2	0	36.4221
0.0510759	4	2	0	30.1837
0.0511205	7	1	0	38.2433
0.051183	7	1	0	39.1801
0.0511964	1	2	0	36.4221
0.0511964	4	2	0	-19.4362
0.0512455	7	1	0	38.6569
0.0512589	1	2	0	36.4221
0.0512589	4	2	0	-19.4362
0.0512857	1	1	1	5.96355
0.0512857	4	1	1	31.0066
0.051308	7	1	0	38.6569
0.0513705	7	1	0	39.1801
0.0513839	1	2	0	60.7266
0.051433	4	2	0	27.4969
0.051433	7	1	0	-0.413179
0.0514464	1	2	0	33.1112
0.0514509	4	2	0	18.5171
0.0514509	7	1	0	6.96154
0.0515357	4	1	1	62.6319
0.051558	4	2	0	11.3051
0.051558	7	1	0	-1.89187
0.0515714	1	2	0	61.0085
0.0516205	4	2	0	10.9276
0.0516205	7	1	0	-2.14227
0.0516339	7	1	0	9.83385
0.051683	4	2	0	33.3084
0.0516964	1	2	0	33.1112
0.0516964	7	1	0	-5.10577
0.0517321	1	1	1	65.8156
0.0517455	4	2	0	33.2843
0.0517589	1	2	0	36.1458
0.0517589	4	2	0	-19.4362
0.0517857	4	1	1	62.6319
0.051808	7	1	0	38.6495
0.0518259	7	1	0	38.6206
0.0518705	4	2	0	32.0802
0.0518839	1	2	0	35.102
0.0518884	7	1	0	35.6114
0.051933	4	2	0	32.0571
0.0519464	1	2	0	36.4221
0.0519464	4	2	0	-19.4362
0.0519821	1	1	1	65.8156
0.0519955	7	1	0	38.6569
0.0520357	4	1	1	62.6319
0.052058	7	1	0	39.0347
0.0520714	1	2	0	35.102
0.0521205	4	2	0	19.4886
0.0521205	7	1	0	38.2206
0.0521339	7	1	0	9.83385
0.052183	4	2	0	33.3084
0.0521964	1	2	0	33.1112
0.0521964	4	2	0	-19.4363
0.0521964	7	1	0	-5.10577
0.0522321	1	1	1	65.8156
0.0522589	1	2	0	35.102
0.0522589	7	1	0	-5.11815
0.0522857	4	1	1	62.6319
0.052308	4	2	0	32.4478
0.0523705	4	2	0	33.6621
0.0523839	1	2	0	33.1112
0.0523839	7	1	0	-5.10577
0.052433	4	2	0	33.2843
0.0524464	1	2	0	36.4221
0.0524464	4	2	0	-19.4362
0.0524821	1	1	1	65.8156
0.0524955	7	1	0	38.6569
0.0525357	4	1	1	62.6319
0.052558	4	2	0	11.3051
0.052558	7	1	0	-1.89187
0.0525714	1	2	0	36.4221
0.0526205	4	2	0	32.8153
0.0526205	7	1	0	6.78146
0.0526339	4	2	0	21.5261
0.052683	7	1	0	38.8028
0.0526964	1	2	0	36.4221
0.0526964	4	2	0	-19.4362
0.0527321	1	1	1	65.8156
0.0527455	7	1	0	38.6569
0.0527589	1	2	0	35.102
0.0527857	4	1	1	31.0066
0.052808	4	2	0	19.7492
0.052808	7	1	0	38.2429
0.0528705	4	2	0	11.3051
0.0528705	7	1	0	-1.89187
0.0528839	1	2	0	33.1112
0.0528839	4	2	0	-19.4363
0.0529062	7	1	0	38.3886
0.0529464	1	1	1	66.0634
0.0529464	1	2	0	33.1112
0.0529464	4	2	0	-19.4363
0.0529464	7	1	0	-5.10577
0.0530357	1	1	1	5.96355
0.0530357	4	1	1	31.0066
0.053058	4	2	0	32.8255
0.0530714	1	2	0	33.1112
0.0530714	7	1	0	-5.10577
0.0531205	4	2	0	33.2843
0.0531339	4	2	0	33.193
0.053183	7	1	0	38.6572
0.0531964	1	2	0	35.102
0.0532009	7	1	0	35.6114
0.0532455	4	2	0	32.0571
0.0532589	1	2	0	61.0085
0.0532857	1	1	1	5.96355
0.0532857	4	1	1	31.0066
0.053308	4	2	0	10.9276
0.053308	7	1	0	-2.14227
0.0533661	4	2	0	20.0509
0.0533705	7	1	0	38.3861
0.0533839	1	2	0	36.4221
0.0533884	4	2	0	30.1837
0.053433	7	1	0	38.2433
0.0534464	1	2	0	33.1112
0.0534464	4	2	0	-19.4363
0.0534955	7	1	0	38.8024
0.0535089	7	1	0	39.1801
0.0535357	1	1	1	5.96355
0.0535357	4	1	1	31.0066
0.0535714	1	2	0	61.0085
0.0536205	4	2	0	10.9276
0.0536205	7	1	0	-2.14227
0.0536339	4	2	0	21.5261
0.0536384	7	1	0	36.1758
0.0536964	1	2	0	34.9258
0.0536964	7	1	0	-5.12297
0.0537455	4	2	0	32.368
0.0537589	1	2	0	35.102
0.0537589	7	1	0	-5.11815
0.0537857	1	1	1	5.96355
0.0537857	4	1	1	31.0066
0.053808	4	2	0	32.4478
0.0538705	4	2	0	33.6621
0.0538839	1	2	0	36.4221
0.053933	4	2	0	32.8153
0.053933	7	1	0	6.78146
0.0539464	1	2	0	33.1112
0.0539509	4	2	0	18.5171
0.0539598	7	1	0	36.1729
0.0540357	1	1	1	5.96355
0.0540357	4	1	1	31.0066
0.054058	7	1	0	39.0347
0.0540714	1	2	0	61.0085
0.0541205	4	2	0	10.9276
0.0541205	7	1	0	-2.14227
0.0541339	4	2	0	21.5261
0.054183	7	1	0	38.8028
0.0541964	1	2	0	33.1112
0.0541964	4	2	0	-19.4363
0.0542455	7	1	0	38.8024
0.0542589	1	2	0	34.9258
0.0542634	7	1	0	35.3038
0.0542857	4	1	1	62.6319
0.054308	4	2	0	31.9773
0.0543214	4	2	0	33.6621
0.0543839	1	2	0	36.4221
0.0543839	4	2	0	-19.4362
0.054433	7	1	0	38.6569
0.0544464	1	2	0	33.1112
0.0544464	4	2	0	-19.4363
0.0544598	7	1	0	37.9312
0.0544821	1	1	1	65.8156
0.0545357	4	1	1	62.6319
0.054558	4	2	0	32.8255
0.0545714	1	2	0	33.1112
0.0545714	7	1	0	-5.10577
0.0546205	4	2	0	33.2843
0.0546339	4	2	0	33.6621
0.0546964	1	2	0	35.102
0.0546964	7	1	0	-5.11815
0.0547321	1	1	1	65.8156
0.0547455	4	2	0	32.4478
0.0547589	1	2	0	35.102
0.0547589	7	1	0	-5.11815
0.0547857	4	1	1	62.6319
0.054808	4	2	0	32.4478
0.0548705	4	2	0	33.6621
0.0548839	1	2	0	36.4221
0.0548884	4	2	0	30.1837
0.054933	7	1	0	38.2433
0.0549464	1	2	0	33.1112
0.0549464	4	2	0	-19.4363
0.0549821	1	1	1	65.8156
0.0549955	7	1	0	38.8024
0.0550357	4	1	1	62.6319
0.055058	7	1	0	39.0347
0.0550714	1	2	0	36.4221
0.0550714	4	2	0	-19.4362
0.0551205	7	1	0	38.6569
0.055183	7	1	0	39.1738
0.0551964	1	2	0	34.9258
0.0552321	1	1	1	65.8156
0.0552455	4	2	0	19.6732
0.0552455	7	1	0	37.9353
0.0552589	1	2	0	35.102
0.0552634	7	1	0	35.6114
0.0552857	4	1	1	62.6319
0.055308	4	2	0	32.0571
0.0553705	4	2	0	33.6571
0.0553839	1	2	0	35.102
0.0553839	7	1	0	-5.11815
0.055433	4	2	0	32.4478
0.0554464	1	2	0	33.1112
0.0554464	7	1	0	-5.10577
0.0554821	1	1	1	65.7687
0.0554955	4	2	0	33.2843
0.0555357	4	1	1	31.0066
0.055558	4	2	0	33.6621
0.0555714	1	2	0	36.1458
0.0555759	4	2	0	29.9458
0.0556205	7	1	0	38.2358
0.0556339	7	1	0	39.1801
0.0556964	1	1	1	66.0634
0.0556964	1	2	0	36.4221
0.0556964	4	2	0	-19.4362
0.0557455	7	1	0	38.6569
0.0557589	1	2	0	36.4221
0.0557589	4	2	0	-19.4362
0.0557857	1	1	1	5.96355
0.0557857	4	1	1	31.0066
0.055808	7	1	0	38.6569
0.0558705	7	1	0	39.1801
0.0558839	1	2	0	34.9258
0.055933	4	2	0	19.6732
0.055933	7	1	0	37.9353
0.0559464	1	2	0	33.1112
0.0559509	4	2	0	18.5171
0.0559509	7	1	0	6.96154
0.0560357	1	1	1	5.96355
0.0560357	4	1	1	31.0066
0.056058	4	2	0	32.8255
0.0560714	1	2	0	35.102
0.0560714	7	1	0	-5.11815
0.0561205	4	2	0	32.4478
0.056183	4	2	0	33.6621
0.0561964	1	2	0	33.1112
0.0561964	7	1	0	-5.10577
0.0562455	4	2	0	33.2843
0.0562589	1	2	0	36.1458
0.0562589	4	2	0	-19.4362
0.0562857	1	1	1	5.96355
0.0562857	4	1	1	31.0066
0.056308	7	1	0	38.6495
0.0563259	7	1	0	39.1801
0.0563839	1	2	0	61.0085
0.056433	4	2	0	10.9276
0.056433	7	1	0	-2.14227
0.0564464	1	2	0	33.1112
0.0564464	4	2	0	-19.4363
0.0564955	7	1	0	38.8024
0.0565357	1	1	1	5.96355
0.0565357	4	1	1	31.0066
0.056558	7	1	0	39.0347
0.0565714	1	2	0	35.102
0.0566205	4	2	0	19.7492
0.0566205	7	1	0	38.2429
0.0566339	7	1	0	9.83385
0.056683	4	2	0	33.3084
0.0566964	1	2	0	36.4221
0.0567455	4	2	0	32.8153
0.0567455	7	1	0	6.78146
0.0567589	1	2	0	35.102
0.0567723	7	1	0	37.3717
0.0567857	1	1	1	5.96355
0.0567857	4	1	1	31.0066
0.056808	4	2	0	31.1513
0.0568705	4	2	0	33.6621
0.0568839	1	2	0	33.1112
0.0568839	7	1	0	-5.10577
0.056933	4	2	0	33.2843
0.0569464	1	2	0	36.4221
0.0569509	4	2	0	30.1837
0.0569955	7	1	0	38.2433
0.0570134	7	1	0	39.1801
0.0570357	4	1	1	62.6319
0.0570714	1	2	0	33.1112
0.0570714	4	2	0	-19.4363
0.0570714	7	1	0	-5.10577
0.0571964	1	2	0	36.4221
0.0571964	4	2	0	-19.4362
0.0572321	1	1	1	65.8156
0.0572455	7	1	0	38.6569
0.0572589	1	2	0	34.9258
0.0572857	4	1	1	62.6319
0.057308	4	2	0	19.6732
0.057308	7	1	0	37.9353
0.0573214	4	2	0	21.5261
0.0573214	7	1	0	9.83385
0.0573839	1	2	0	61.0085
0.057433	4	2	0	10.9276
0.057433	7	1	0	-2.14227
0.0574464	1	2	0	33.1112
0.0574821	1	1	1	65.8156
0.0574955	4	2	0	21.1484
0.0574955	7	1	0	9.46877
0.0575357	4	1	1	62.6319
0.057558	4	2	0	11.3051
0.057558	7	1	0	-1.89187
0.0575714	1	2	0	33.1112
0.0575759	7	1	0	6.96154
0.0576205	4	2	0	32.8969
0.0576339	4	2	0	33.193
0.057683	7	1	0	38.6572
0.0576964	1	2	0	36.4221
0.0576964	4	2	0	-19.4362
0.0577321	1	1	1	65.8156
0.0577455	7	1	0	38.6569
0.0577589	1	2	0	33.1112
0.0577589	4	2	0	-19.4363
0.0577723	7	1	0	37.9312
0.0577857	4	1	1	62.6319
0.0578839	1	2	0	36.1458
0.0578839	4	2	0	-19.4362
0.057933	7	1	0	38.6495
0.0579464	1	2	0	33.1112
0.0579464	4	2	0	-19.4363
0.0579598	7	1	0	37.9312
0.0579821	1	1	1	65.8156
0.0580357	4	1	1	62.6319
0.058058	4	2	0	32.8255
0.0580714	1	2	0	35.102
0.0580714	7	1	0	-5.11815
0.0581205	4	2	0	32.4478
0.058183	4	2	0	33.6621
0.0581964	1	2	0	35.102
0.0581964	7	1	0	-5.11815
0.0582321	1	1	1	65.8156
0.0582455	4	2	0	32.4478
0.0582589	1	2	0	35.102
0.0582589	7	1	0	-5.11815
0.0582857	4	1	1	31.0066
0.058308	4	2	0	32.4478
0.0583661	4	2	0	32.7457
0.0583839	1	2	0	36.4221
0.0583884	4	2	0	30.1837
0.058433	7	1	0	38.2433
0.0584464	1	1	1	66.0634
0.0584464	1	2	0	33.1112
0.0584464	4	2	0	-19.4363
0.0584955	7	1	0	38.8024
0.0585357	1	1	1	5.96355
0.0585357	4	1	1	31.0066
0.058558	7	1	0	39.0347
0.0585714	1	2	0	61.0085
0.0586205	4	2	0	10.9276
0.0586205	7	1	0	-2.14227
0.0586339	4	2	0	21.5261
0.058683	7	1	0	38.8028
0.0586964	1	2	0	34.9258
0.0587455	4	2	0	19.6732
0.0587455	7	1	0	37.9353
0.0587589	1	2	0	35.102
0.0587634	7	1	0	35.6114
0.0587857	1	1	1	5.96355
0.0587857	4	1	1	31.0066
0.058808	4	2	0	32.0571
0.0588705	4	2	0	33.6621
0.0588839	1	2	0	36.4221
0.058933	4	2	0	32.8153
0.058933	7	1	0	6.78146
0.0589464	1	2	0	33.1112
0.0589509	4	2	0	18.5171
0.0589598	7	1	0	36.1729
0.0590357	1	1	1	5.96355
0.0590357	4	1	1	31.0066
0.0590714	1	2	0	60.7266
0.0591205	4	2	0	12.6732
0.0591205	7	1	0	33.864
0.0591339	4	2	0	21.5261
0.0591339	7	1	0	9.83385
0.0591964	1	2	0	33.1112
0.0591964	4	2	0	-19.4363
0.0591964	7	1	0	-5.10577
0.0592589	1	2	0	34.9258
0.0592589	7	1	0	-5.12297
0.0592857	1	1	1	5.96355
0.0592857	4	1	1	31.0066
0.059308	4	2	0	32.368
0.0593214	4	2	0	33.6621
0.0593839	1	2	0	33.1112
0.0593839	4	2	0	-19.4363
0.0593839	7	1	0	-5.10577
0.0594464	1	2	0	36.4221
0.0594464	4	2	0	-19.4362
0.0594955	7	1	0	38.6569
0.0595357	1	1	1	5.96355
0.0595357	4	1	1	31.0066
0.059558	4	2	0	11.3051
0.059558	7	1	0	-1.89187
0.0595714	1	2	0	36.4221
0.0596205	4	2	0	32.8153
0.0596205	7	1	0	6.78146
0.0596339	4	2	0	21.5261
0.059683	7	1	0	38.8028
0.0596964	1	2	0	61.0085
0.0597455	4	2	0	10.9276
0.0597455	7	1	0	-2.14227
0.0597589	1	2	0	35.102
0.0597857	4	1	1	62.6319
0.059808	4	2	0	19.7492
0.059808	7	1	0	38.2429
0.0598705	4	2	0	11.3051
0.0598705	7	1	0	-1.89187
0.0598839	1	2	0	33.1112
0.0598884	4	2	0	18.5171
0.0599062	7	1	0	37.4208
0.0599464	1	2	0	33.1112
0.0599464	4	2	0	-19.4363
0.0599464	7	1	0	-5.10577
0.0599821	1	1	1	65.8156
0.0600357	4	1	1	62.6319
0.060058	7	1	0	39.0347
0.0600714	1	2	0	35.102
0.0600759	7	1	0	35.6114
0.0601205	4	2	0	32.0571
0.0601339	4	2	0	33.193
0.060183	7	1	0	38.6461
0.0601964	1	2	0	34.9258
0.0602009	7	1	0	35.3038
0.0602321	1	1	1	65.8156
0.0602455	4	2	0	31.9773
0.0602589	1	2	0	61.0085
0.0602857	4	1	1	62.6319
0.060308	4	2	0	10.9276
0.060308	7	1	0	-2.14227
0.0603661	7	1	0	9.83385
0.0603705	4	2	0	25.0686
0.0603839	1	2	0	33.1112
0.0603839	7	1	0	-5.10577
0.060433	4	2	0	33.2843
0.0604464	1	2	0	33.1112
0.0604464	7	1	0	-5.10577
0.0604509	4	2	0	30.6527
0.0604821	1	1	1	65.8156
0.0605357	4	1	1	62.6319
0.0605714	1	2	0	36.4221
0.0605714	4	2	0	-19.4362
0.0606205	7	1	0	38.6569
0.0606384	7	1	0	39.1801
0.0606964	1	2	0	36.4221
0.0606964	4	2	0	-19.4362
0.0607321	1	1	1	65.8156
0.0607455	7	1	0	38.6569
0.0607589	1	2	0	36.4221
0.0607589	4	2	0	-19.4362
0.0607857	4	1	1	62.6319
0.060808	7	1	0	38.6569
0.0608705	7	1	0	39.1801
0.0608839	1	2	0	35.102
0.060933	4	2	0	19.7492
0.060933	7	1	0	38.2429
0.0609464	1	2	0	33.1112
0.0609509	7	1	0	6.96154
0.0609821	1	1	1	65.8156
0.0609955	4	2	0	32.7449
0.0610357	4	1	1	31.0066
0.061058	4	2	0	11.3051
0.061058	7	1	0	-1.89187
0.0610714	1	2	0	35.102
0.0610714	7	1	0	-5.11815
0.0611205	4	2	0	32.4478
0.061183	4	2	0	33.6621
0.0611964	1	1	1	66.0634
0.0611964	1	2	0	33.1112
0.0611964	7	1	0	-5.10577
0.0612455	4	2	0	33.2843
0.0612589	1	2	0	36.1458
0.0612634	4	2	0	29.9458
0.0612857	1	1	1	5.96355
0.0612857	4	1	1	31.0066
0.061308	7	1	0	38.2358
0.0613259	7	1	0	38.6206
0.0613705	4	2	0	32.0802
0.0613839	1	2	0	61.0085
0.061433	4	2	0	10.9276
0.061433	7	1	0	-2.14227
0.0614464	1	2	0	33.1112
0.0614464	4	2	0	-19.4363
0.0614955	7	1	0	38.8024
0.0615357	1	1	1	5.96355
0.0615357	4	1	1	31.0066
0.061558	7	1	0	39.0347
0.0615714	1	2	0	34.9258
0.0616205	4	2	0	19.6732
0.0616205	7	1	0	37.9353
0.0616339	4	2	0	21.5261
0.0616339	7	1	0	9.83385
0.0616964	1	2	0	36.4221
0.0616964	4	2	0	-19.4362
0.0617455	7	1	0	38.6569
0.0617589	1	2	0	35.102
0.0617723	7	1	0	37.3717
0.0617857	1	1	1	5.96355
0.0617857	4	1	1	31.0066
0.061808	4	2	0	31.1513
0.0618705	4	2	0	33.193
0.0618705	7	1	0	7.13655
0.0618839	1	2	0	33.1112
0.0618839	7	1	0	-5.10577
0.061933	4	2	0	33.2843
0.0619464	1	2	0	36.4221
0.0619464	4	2	0	-19.4362
0.0619955	7	1	0	38.6569
0.0620134	7	1	0	38.6206
0.0620357	1	1	1	5.96355
0.0620357	4	1	1	31.0066
0.062058	4	2	0	32.0802
0.0620714	1	2	0	35.102
0.0620714	7	1	0	-5.11815
0.0621205	4	2	0	32.0466
0.0621339	4	2	0	33.6621
0.0621964	1	2	0	36.4221
0.0621964	4	2	0	-19.4362
0.0622455	7	1	0	38.6569
0.0622589	1	2	0	35.102
0.0622857	1	1	1	5.96355
0.0622857	4	1	1	31.0066
0.062308	4	2	0	19.7492
0.062308	7	1	0	38.2429
0.0623214	7	1	0	38.6206
0.0623705	4	2	0	32.4689
0.0623839	1	2	0	36.4221
0.0623839	4	2	0	-19.4362
0.062433	7	1	0	38.6569
0.0624464	1	2	0	33.1112
0.0624464	4	2	0	-19.4363
0.0624955	7	1	0	38.8024
0.0625357	4	1	1	62.6319
0.062558	4	2	0	20.1269
0.062558	7	1	0	38.6206
0.0625714	1	2	0	33.1112
0.0625714	7	1	0	-5.10577
0.0626205	4	2	0	33.2843
0.0626339	4	2	0	33.193
0.062683	7	1	0	38.6572
0.0626964	1	2	0	35.102
0.0626964	7	1	0	-5.11815
0.0627321	1	1	1	65.8156
0.0627455	4	2	0	32.4478
0.0627589	1	2	0	35.102
0.0627589	7	1	0	-5.11815
0.0627857	4	1	1	62.6319
0.062808	4	2	0	32.4478
0.0628705	4	2	0	33.6621
0.0628839	1	2	0	36.4221
0.0628884	4	2	0	30.1837
0.062933	7	1	0	38.2433
0.0629464	1	2	0	33.1112
0.0629464	4	2	0	-19.4363
0.0629821	1	1	1	65.8156
0.0629955	7	1	0	38.8024
0.0630357	4	1	1	62.6319
0.063058	7	1	0	39.0347
0.0630714	1	2	0	61.0085
0.0631205	4	2	0	10.9276
0.0631205	7	1	0	-2.14227
0.0631339	4	2	0	21.5261
0.063183	7	1	0	38.8028
0.0631964	1	2	0	60.7266
0.0632321	1	1	1	65.6192
0.0632455	4	2	0	27.4969
0.0632455	7	1	0	-0.413179
0.0632589	1	2	0	35.102
0.0632634	7	1	0	35.6114
0.0632857	4	1	1	62.6319
0.063308	4	2	0	32.0571
0.0633661	4	2	0	33.6621
0.0633839	1	2	0	36.4221
0.063433	4	2	0	32.8153
0.063433	7	1	0	6.78146
0.0634464	1	2	0	33.1112
0.0634509	4	2	0	18.5171
0.0634598	7	1	0	36.1729
0.0634821	1	1	1	65.8156
0.0635357	4	1	1	62.6319
0.0635714	1	2	0	60.7266
0.0636205	4	2	0	12.6732
0.0636205	7	1	0	33.864
0.0636339	4	2	0	21.5261
0.0636339	7	1	0	9.83385
0.0636964	1	2	0	33.1112
0.0636964	4	2	0	-19.4363
0.0636964	7	1	0	-5.10577
0.0637321	1	1	1	65.8156
0.0637589	1	2	0	34.9258
0.0637589	7	1	0	-5.12297
0.0637857	4	1	1	31.0066
0.063808	4	2	0	32.368
0.0638214	4	2	0	33.6621
0.0638839	1	2	0	33.1112
0.0638839	4	2	0	-19.4363
0.0638839	7	1	0	-5.10577
0.0639464	1	1	1	66.0634
0.0639464	1	2	0	36.4221
0.0639464	4	2	0	-19.4362
0.0639955	7	1	0	38.6569
0.0640357	1	1	1	5.96355
0.0640357	4	1	1	31.0066
0.064058	4	2	0	11.3051
0.064058	7	1	0	-1.89187
0.0640714	1	2	0	36.4221
0.0641205	4	2	0	32.8153
0.0641205	7	1	0	6.78146
0.0641339	4	2	0	21.5261
0.064183	7	1	0	38.8028
0.0641964	1	2	0	61.0085
0.0642455	4	2	0	10.9276
0.0642455	7	1	0	-2.14227
0.0642589	1	2	0	35.102
0.0642857	1	1	1	5.96355
0.0642857	4	1	1	31.0066
0.064308	4	2	0	19.7492
0.064308	7	1	0	38.2429
0.0643705	4	2	0	11.3051
0.0643705	7	1	0	-1.89187
0.0643839	1	2	0	33.1112
0.0643884	4	2	0	18.5171
0.0644062	7	1	0	37.4208
0.0644464	1	2	0	33.1112
0.0644464	4	2	0	-19.4363
0.0644464	7	1	0	-5.10577
0.0645357	1	1	1	5.96355
0.0645357	4	1	1	31.0066
0.064558	7	1	0	39.0347
0.0645714	1	2	0	35.102
0.0645759	7	1	0	35.6114
0.0646205	4	2	0	32.0571
0.0646339	4	2	0	33.6621
0.0646964	1	2	0	34.9258
0.0647009	7	1	0	35.3038
0.0647455	4	2	0	31.9773
0.0647589	1	2	0	61.0085
0.0647857	1	1	1	5.96355
0.0647857	4	1	1	31.0066
0.064808	4	2	0	10.9276
0.064808	7	1	0	-2.14227
0.0648705	4	2	0	21.5261
0.0648705	7	1	0	9.83385
0.0648839	1	2	0	33.1112
0.0648839	7	1	0	-5.10577
0.064933	4	2	0	33.2843
0.0649464	1	2	0	33.1112
0.0649464	7	1	0	-5.10577
0.0649509	4	2	0	30.6527
0.0650357	1	1	1	5.96355
0.0650357	4	1	1	31.0066
0.0650714	1	2	0	36.4221
0.0650714	4	2	0	-19.4362
0.0651205	7	1	0	38.6569
0.0651384	7	1	0	39.1801
0.0651964	1	2	0	36.4221
0.0651964	4	2	0	-19.4362
0.0652455	7	1	0	38.6569
0.0652589	1	2	0	36.4221
0.0652589	4	2	0	-19.4362
0.0652857	4	1	1	62.6319
0.065308	7	1	0	38.6569
0.0653661	7	1	0	39.1801
0.0653839	1	2	0	35.102
0.065433	4	2	0	19.7492
0.065433	7	1	0	38.2429
0.0654464	1	2	0	33.1112
0.0654509	7	1	0	6.96154
0.0654821	1	1	1	65.7336
0.0654955	4	2	0	32.8969
0.0655357	4	1	1	62.6319
0.065558	4	2	0	32.8255
0.0655714	1	2	0	61.0085
0.0656205	4	2	0	10.9276
0.0656205	7	1	0	-2.14227
0.0656339	7	1	0	9.83385
0.065683	4	2	0	33.3084
0.0656964	1	2	0	35.102
0.0656964	7	1	0	-5.11815
0.0657321	1	1	1	65.8156
0.0657455	4	2	0	32.4478
0.0657589	1	2	0	36.1458
0.0657634	4	2	0	29.9458
0.0657857	4	1	1	62.6319
0.065808	7	1	0	38.2358
0.0658259	7	1	0	38.6206
0.0658705	4	2	0	32.0802
0.0658839	1	2	0	35.102
0.0658884	7	1	0	35.6114
0.065933	4	2	0	32.0571
0.0659464	1	2	0	36.4221
0.0659464	4	2	0	-19.4362
0.0659821	1	1	1	65.8156
0.0659955	7	1	0	38.6564
0.0660357	4	1	1	62.6319
0.066058	7	1	0	39.0347
0.0660714	1	2	0	34.9258
0.0661205	4	2	0	19.6732
0.0661205	7	1	0	37.9353
0.0661339	4	2	0	21.5261
0.0661339	7	1	0	9.83385
0.0661964	1	2	0	33.1112
0.0661964	4	2	0	-19.4363
0.0661964	7	1	0	-5.10577
0.0662321	1	1	1	65.8156
0.0662589	1	2	0	35.102
0.0662589	7	1	0	-5.11815
0.0662857	4	1	1	62.6319
0.066308	4	2	0	32.4478
0.0663705	4	2	0	33.6621
0.0663839	1	2	0	33.1112
0.0663839	7	1	0	-5.10577
0.066433	4	2	0	33.2843
0.0664464	1	2	0	36.4221
0.0664464	4	2	0	-19.4362
0.0664821	1	1	1	65.8156
0.0664955	7	1	0	38.6569
0.0665357	4	1	1	31.0066
0.066558	4	2	0	11.3051
0.066558	7	1	0	-1.89187
0.0665714	1	2	0	61.0085
0.0666205	4	2	0	10.9276
0.0666205	7	1	0	-2.14227
0.0666339	4	2	0	21.5261
0.066683	7	1	0	38.8028
0.0666964	1	1	1	66.0634
0.0666964	1	2	0	36.4221
0.0666964	4	2	0	-19.4362
0.0667455	7	1	0	38.6569
0.0667589	1	2	0	35.102
0.0667857	1	1	1	5.96355
0.0667857	4	1	1	31.0066
0.066808	4	2	0	19.7492
0.066808	7	1	0	38.2429
0.0668705	4	2	0	11.3051
0.0668705	7	1	0	-1.89187
0.0668839	1	2	0	36.4221
0.0668839	4	2	0	-19.4362
0.066933	7	1	0	38.6569
0.0669464	1	2	0	33.1112
0.0669464	4	2	0	-19.4363
0.0669821	7	1	0	38.6688
0.0670357	1	1	1	5.96355
0.0670357	4	1	1	31.0066
0.067058	4	2	0	11.3051
0.067058	7	1	0	-1.89187
0.0670714	1	2	0	35.102
0.0670714	7	1	0	-5.11815
0.0671205	4	2	0	32.0466
0.0671339	4	2	0	33.193
0.067183	7	1	0	38.6572
0.0671964	1	2	0	35.102
0.0672009	7	1	0	35.6114
0.0672455	4	2	0	32.0571
0.0672589	1	2	0	35.102
0.0672589	7	1	0	-5.11815
0.0672857	1	1	1	5.96355
0.0672857	4	1	1	31.0066
0.067308	4	2	0	32.4478
0.0673705	4	2	0	32.8255
0.0673839	1	2	0	36.4221
0.0673884	4	2	0	30.1837
0.067433	7	1	0	38.2433
0.0674464	1	2	0	33.1112
0.0674464	4	2	0	-19.4363
0.0674955	7	1	0	38.8024
0.0675089	7	1	0	39.1801
0.0675357	1	1	1	5.96355
0.0675357	4	1	1	31.0066
0.0675714	1	2	0	61.0085
0.0676205	4	2	0	10.9276
0.0676205	7	1	0	-2.14227
0.0676339	4	2	0	21.5261
0.067683	7	1	0	38.8028
0.0676964	1	2	0	34.9258
0.0677455	4	2	0	19.6732
0.0677455	7	1	0	37.9353
0.0677589	1	2	0	35.102
0.0677589	7	1	0	-5.11815
0.0677857	1	1	1	5.96355
0.0677857	4	1	1	31.0066
0.067808	4	2	0	32.4478
0.0678705	4	2	0	33.6621
0.0678839	1	2	0	36.4221
0.067933	4	2	0	32.8153
0.067933	7	1	0	6.78146
0.0679464	1	2	0	33.1112
0.0679509	4	2	0	18.5171
0.0679598	7	1	0	36.1729
0.0680357	4	1	1	62.6319
0.0680714	1	2	0	36.4221
0.0680714	4	2	0	-19.4362
0.0681205	7	1	0	38.6569
0.068183	7	1	0	39.1801
0.0681964	1	2	0	33.1112
0.0681964	4	2	0	-19.4363
0.0682321	1	1	1	65.8156
0.0682455	7	1	0	38.8024
0.0682589	1	2	0	34.9258
0.0682634	7	1	0	35.3038
0.0682857	4	1	1	62.6319
0.068308	4	2	0	31.9773
0.0683214	4	2	0	33.6621
0.0683839	1	2	0	35.102
0.0683839	7	1	0	-5.11815
0.068433	4	2	0	32.4478
0.0684464	1	2	0	33.1112
0.0684464	7	1	0	-5.10577
0.0684821	1	1	1	65.8156
0.0684955	4	2	0	33.2843
0.0685357	4	1	1	62.6319
0.068558	4	2	0	33.6621
0.0685714	1	2	0	35.102
0.0685714	7	1	0	-5.11815
0.0686205	4	2	0	32.4478
0.0686339	4	2	0	33.6621
0.0686964	1	2	0	36.4221
0.0686964	4	2	0	-19.4362
0.0687321	1	1	1	65.8156
0.0687455	7	1	0	38.6569
0.0687589	1	2	0	36.4221
0.0687589	4	2	0	-19.4362
0.0687857	4	1	1	62.6319
0.068808	7	1	0	38.6569
0.0688705	7	1	0	39.1801
0.0688839	1	2	0	61.0085
0.068933	4	2	0	10.9276
0.068933	7	1	0	-2.14227
0.0689464	1	2	0	33.1112
0.0689464	4	2	0	-19.4363
0.0689821	1	1	1	65.8156
0.0689955	7	1	0	38.8024
0.0690357	4	1	1	62.6319
0.069058	4	2	0	20.1269
0.069058	7	1	0	38.6206
0.0690714	1	2	0	35.102
0.0690759	7	1	0	35.6114
0.0691205	4	2	0	32.0571
0.069183	4	2	0	33.6621
0.0691964	1	2	0	36.4221
0.0692321	1	1	1	65.8156
0.0692455	4	2	0	32.8153
0.0692455	7	1	0	6.78146
0.0692589	1	2	0	35.102
0.0692723	7	1	0	37.3717
0.0692857	4	1	1	31.0066
0.069308	4	2	0	31.1513
0.0693705	4	2	0	32.8255
0.0693839	1	2	0	60.7266
0.069433	4	2	0	12.6732
0.069433	7	1	0	33.864
0.0694464	1	1	1	66.0634
0.0694464	1	2	0	33.1112
0.0694509	4	2	0	18.5171
0.0694509	7	1	0	6.96154
0.0695357	1	1	1	5.96355
0.0695357	4	1	1	31.0066
0.0695714	1	2	0	35.102
0.0695714	7	1	0	-5.11815
0.0696205	4	2	0	32.4478
0.0696339	4	2	0	33.6621
0.0696964	1	2	0	33.1112
0.0696964	4	2	0	-19.4363
0.0696964	7	1	0	-5.10577
0.0697589	1	2	0	60.7265
0.0697857	1	1	1	5.96355
0.0697857	4	1	1	31.0066
0.069808	4	2	0	12.5974
0.069808	7	1	0	-0.130484
0.0698214	4	2	0	21.5261
0.0698259	7	1	0	36.1758
0.0698839	1	2	0	36.4221
0.0698839	4	2	0	-19.4362
0.069933	7	1	0	38.6569
0.0699464	1	2	0	33.1112
0.0699464	4	2	0	-19.4363
0.0699955	7	1	0	38.8024
0.0700357	1	1	1	5.96355
0.0700357	4	1	1	31.0066
0.070058	4	2	0	11.3051
0.070058	7	1	0	-1.89187
0.0700714	1	2	0	33.1112
0.0701205	4	2	0	21.1484
0.0701205	7	1	0	9.46877
0.0701339	4	2	0	21.5261
0.0701429	7	1	0	37.4223
0.0701964	1	2	0	35.102
0.0701964	7	1	0	-5.11815
0.0702455	4	2	0	32.4478
0.0702589	1	2	0	35.102
0.0702589	7	1	0	-5.11815
0.0702857	1	1	1	5.96355
0.0702857	4	1	1	31.0066
0.070308	4	2	0	32.4478
0.0703661	7	1	0	34.2417
0.0703705	4	2	0	22.3741
0.0703839	1	2	0	33.1112
0.0703884	4	2	0	18.5171
0.0703884	7	1	0	6.96154
0.0704464	1	2	0	33.1112
0.0704464	4	2	0	-19.4363
0.0704509	7	1	0	36.1709
0.0705357	1	1	1	5.96355
0.0705357	4	1	1	31.0066
0.0705714	1	2	0	61.0085
0.0706205	4	2	0	10.9276
0.0706205	7	1	0	-2.14227
0.0706339	4	2	0	33.193
0.070683	7	1	0	38.6572
0.0706964	1	2	0	60.7265
0.0707455	4	2	0	12.5974
0.0707455	7	1	0	-0.130484
0.0707589	1	2	0	35.102
0.0707812	7	1	0	37.8291
0.0707857	4	1	1	62.6319
0.070808	4	2	0	30.0055
0.0708705	4	2	0	33.6621
0.0708839	1	2	0	36.4221
0.070933	4	2	0	32.8153
0.070933	7	1	0	6.78146
0.0709464	1	2	0	33.1112
0.0709509	4	2	0	18.5171
0.0709598	7	1	0	36.1729
0.0709821	1	1	1	65.8156
0.0710357	4	1	1	62.6319
0.0710714	1	2	0	35.102
0.0710759	7	1	0	35.6114
0.0711205	4	2	0	32.0571
0.0711339	4	2	0	33.6621
0.0711964	1	2	0	33.1112
0.0711964	4	2	0	-19.4363
0.0711964	7	1	0	-5.10577
0.0712321	1	1	1	65.8156
0.0712589	1	2	0	34.9258
0.0712589	7	1	0	-5.12297
0.0712857	4	1	1	62.6319
0.071308	4	2	0	32.368
0.0713214	4	2	0	33.6621
0.0713839	1	2	0	33.1112
0.0713839	4	2	0	-19.4363
0.0713839	7	1	0	-5.10577
0.0714464	1	2	0	33.1112
0.0714464	4	2	0	-19.4363
0.0714464	7	1	0	-5.10577
0.0714821	1	1	1	65.8156
0.0715357	4	1	1	62.6319
0.071558	4	2	0	11.3051
0.071558	7	1	0	-1.89187
0.0715714	1	2	0	36.4221
0.0716205	4	2	0	32.8153
0.0716205	7	1	0	6.78146
0.0716339	4	2	0	21.5261
0.071683	7	1	0	38.8028
0.0716964	1	2	0	61.0085
0.0717321	1	1	1	65.8156
0.0717455	4	2	0	10.9276
0.0717455	7	1	0	-2.14227
0.0717589	1	2	0	61.0085
0.0717857	4	1	1	62.6319
0.071808	4	2	0	10.9276
0.071808	7	1	0	-2.14227
0.0718705	4	2	0	11.3051
0.0718705	7	1	0	-1.89187
0.0718839	1	2	0	33.1112
0.0718884	4	2	0	18.5171
0.0719018	7	1	0	36.9637
0.0719464	1	2	0	33.1112
0.0719464	4	2	0	-19.4363
0.0719464	7	1	0	-5.10577
0.0719821	1	1	1	65.8156
0.0720357	4	1	1	31.0066
0.072058	7	1	0	39.0347
0.0720714	1	2	0	61.0085
0.0721205	4	2	0	10.8521
0.0721205	7	1	0	-2.14228
0.0721339	4	2	0	33.193
0.072183	7	1	0	38.6572
0.0721964	1	1	1	66.0634
0.0721964	1	2	0	34.9258
0.0722054	7	1	0	36.5528
0.0722455	4	2	0	31.548
0.0722589	1	2	0	61.0085
0.0722857	1	1	1	5.96355
0.0722857	4	1	1	31.0066
0.072308	4	2	0	10.9276
0.072308	7	1	0	-2.14227
0.0723705	4	2	0	21.5261
0.0723705	7	1	0	9.83385
0.0723839	1	2	0	36.4221
0.072433	4	2	0	32.8153
0.072433	7	1	0	6.78146
0.0724464	1	2	0	33.1112
0.0724509	4	2	0	18.5171
0.0724643	7	1	0	36.9637
0.0725357	1	1	1	5.96355
0.0725357	4	1	1	31.0066
0.0725714	1	2	0	36.4221
0.0725714	4	2	0	-19.4362
0.0726205	7	1	0	38.6569
0.0726384	7	1	0	39.1801
0.0726964	1	2	0	33.1112
0.0726964	4	2	0	-19.4363
0.0727009	7	1	0	36.1709
0.0727589	1	2	0	34.9258
0.0727589	7	1	0	-5.12297
0.0727857	1	1	1	5.96355
0.0727857	4	1	1	31.0066
0.072808	4	2	0	32.368
0.0728214	4	2	0	33.6621
0.0728839	1	2	0	35.102
0.0728839	7	1	0	-5.11815
0.072933	4	2	0	32.4478
0.0729464	1	2	0	33.1112
0.0729464	7	1	0	-5.10577
0.0729955	4	2	0	33.2843
0.0730357	1	1	1	5.96355
0.0730357	4	1	1	31.0066
0.073058	4	2	0	32.8255
0.0730714	1	2	0	36.4221
0.0731205	4	2	0	32.8153
0.0731205	7	1	0	6.78146
0.0731339	4	2	0	21.5261
0.073183	7	1	0	38.8028
0.0731964	1	2	0	36.4221
0.0731964	4	2	0	-19.4362
0.0732455	7	1	0	38.6569
0.0732589	1	2	0	36.4221
0.0732589	4	2	0	-19.4362
0.0732857	1	1	1	5.96355
0.0732857	4	1	1	31.0066
0.073308	7	1	0	38.6569
0.0733705	7	1	0	39.175
0.0733839	1	2	0	33.1112
0.0733839	4	2	0	-19.4363
0.073433	7	1	0	38.8024
0.0734464	1	2	0	33.1112
0.0734464	4	2	0	-19.4363
0.0734554	7	1	0	37.4199
0.0735357	1	1	1	5.96355
0.0735357	4	1	1	31.0066
0.0735714	1	2	0	35.102
0.0735714	7	1	0	-5.11815
0.0736205	4	2	0	32.4478
0.073683	4	2	0	32.8255
0.0736964	1	2	0	35.102
0.0736964	7	1	0	-5.11815
0.0737455	4	2	0	32.4478
0.0737589	1	2	0	35.102
0.0737589	7	1	0	-5.11815
0.0737857	4	1	1	62.6319
0.073808	4	2	0	32.4478
0.0738705	4	2	0	33.6621
0.0738839	1	2	0	36.4221
0.073933	4	2	0	32.8153
0.073933	7	1	0	6.78146
0.0739464	1	2	0	35.102
0.0739821	1	1	1	65.8156
0.0739955	4	2	0	19.7492
0.0739955	7	1	0	38.2429
0.0740357	4	1	1	62.6319
0.074058	4	2	0	11.3051
0.074058	7	1	0	-1.89187
0.0740714	1	2	0	36.4221
0.0740804	4	2	0	31.4328
0.0741205	7	1	0	37.7861
0.074183	7	1	0	39.1801
0.0741964	1	2	0	36.4221
0.0741964	4	2	0	-19.4362
0.0742321	1	1	1	65.8156
0.0742455	7	1	0	38.6569
0.0742589	1	2	0	33.1112
0.0742589	4	2	0	-19.4363
0.0742679	7	1	0	37.4199
0.0742857	4	1	1	62.6319
0.0743705	7	1	0	39.0347
0.0743839	1	2	0	34.7386
0.0743884	7	1	0	34.9725
0.074433	4	2	0	32.1675
0.0744464	1	2	0	33.1112
0.0744464	7	1	0	-5.10577
0.0744509	4	2	0	30.6527
0.0744821	1	1	1	65.8156
0.0745357	4	1	1	62.6319
0.074558	4	2	0	32.8255
0.0745714	1	2	0	35.102
0.0745714	7	1	0	-5.11815
0.0746205	4	2	0	32.4478
0.074683	4	2	0	33.6621
0.0746964	1	2	0	33.1112
0.0746964	7	1	0	-5.10577
0.0747321	1	1	1	65.8156
0.0747455	4	2	0	33.2843
0.0747589	1	2	0	36.4221
0.0747589	4	2	0	-19.4362
0.0747857	4	1	1	62.6319
0.074808	7	1	0	38.6569
0.0748705	7	1	0	39.1801
0.0748839	1	2	0	36.4221
0.0748839	4	2	0	-19.4362
0.074933	7	1	0	38.6569
0.0749464	1	2	0	33.1112
0.0749464	4	2	0	-19.4363
0.0749821	1	1	1	65.8156
0.0749955	7	1	0	38.8024
0.0750357	4	1	1	62.6319
0.075058	7	1	0	39.0347
0.0750714	1	2	0	61.0085
0.0751205	4	2	0	10.9276
0.0751205	7	1	0	-2.14227
0.0751384	7	1	0	9.83385
0.0751786	4	2	0	32.8493
0.0751964	1	2	0	35.102
0.0751964	7	1	0	-5.11815
0.0752321	1	1	1	65.8156
0.0752455	4	2	0	32.4478
0.0752589	1	2	0	35.102
0.0752589	7	1	0	-5.11815
0.0752857	4	1	1	31.0066
0.075308	4	2	0	32.4478
0.0753214	1	1	1	64.7601
0.0753705	4	2	0	33.6571
0.0753839	1	2	0	35.102
0.0753839	7	1	0	-5.11815
0.075433	4	2	0	32.4478
0.0754464	1	2	0	36.1458
0.0754509	4	2	0	29.9458
0.0754955	7	1	0	38.2358
0.0755134	7	1	0	39.1801
0.0755357	1	1	1	5.96355
0.0755357	4	1	1	31.0066
0.0755714	1	2	0	61.0085
0.0756205	4	2	0	10.9276
0.0756205	7	1	0	-2.14227
0.0756339	4	2	0	33.193
0.075683	7	1	0	38.6572
0.0756964	1	2	0	36.4221
0.0756964	4	2	0	-19.4362
0.0757455	7	1	0	38.6569
0.0757589	1	2	0	34.9258
0.0757857	1	1	1	5.96355
0.0757857	4	1	1	31.0066
0.075808	4	2	0	19.6732
0.075808	7	1	0	37.9353
0.0758214	4	2	0	21.5261
0.0758259	7	1	0	36.1758
0.0758839	1	2	0	36.4221
0.0758839	4	2	0	-19.4362
0.075933	7	1	0	38.6569
0.0759464	1	2	0	33.1112
0.0759464	4	2	0	-19.4363
0.0759598	7	1	0	37.9312
0.0760357	1	1	1	5.96355
0.0760357	4	1	1	31.0066
0.076058	4	2	0	32.8255
0.0760714	1	2	0	33.1112
0.0760714	7	1	0	-5.10577
0.0761205	4	2	0	33.2843
0.0761339	4	2	0	33.6621
0.0761964	1	2	0	35.102
0.0761964	7	1	0	-5.11815
0.0762455	4	2	0	32.4478
0.0762589	1	2	0	35.102
0.0762589	7	1	0	-5.11815
0.0762857	1	1	1	5.96355
0.0762857	4	1	1	31.0066
0.076308	4	2	0	32.4478
0.0763705	4	2	0	33.6621
0.0763839	1	2	0	36.4221
0.0763884	4	2	0	30.1837
0.076433	7	1	0	38.2433
0.0764464	1	2	0	33.1112
0.0764464	4	2	0	-19.4363
0.0764955	7	1	0	38.8024
0.0765357	1	1	1	5.96355
0.0765357	4	1	1	31.0066
0.076558	7	1	0	39.0347
0.0765714	1	2	0	61.0085
0.0766205	4	2	0	10.9276
0.0766205	7	1	0	-2.14227
0.0766339	4	2	0	21.5261
0.076683	7	1	0	38.8028
0.0766964	1	2	0	36.4221
0.0766964	4	2	0	-19.4362
0.0767455	7	1	0	38.6569
0.0767589	1	2	0	35.102
0.0767634	7	1	0	35.6114
0.0767857	4	1	1	62.6319
0.076808	4	2	0	32.0571
0.0768705	4	2	0	33.193
0.0768705	7	1	0	7.13655
0.0768839	1	2	0	36.4221
0.076933	4	2	0	32.8153
0.076933	7	1	0	6.78146
0.0769464	1	2	0	33.1112
0.0769464	4	2	0	-19.4363
0.0769598	7	1	0	37.9312
0.0769821	1	1	1	65.8156
0.0770357	4	1	1	62.6319
0.077058	4	2	0	32.8255
0.0770714	1	2	0	60.7266
0.0771205	4	2	0	12.5696
0.0771205	7	1	0	33.8364
0.0771339	4	2	0	21.5261
0.0771339	7	1	0	9.83385
0.0771964	1	2	0	33.1112
0.0771964	4	2	0	-19.4363
0.0771964	7	1	0	-5.10577
0.0772321	1	1	1	65.8156
0.0772589	1	2	0	35.102
0.0772589	7	1	0	-5.11815
0.0772857	4	1	1	62.6319
0.077308	4	2	0	32.4478
0.0773705	4	2	0	32.8255
0.0773839	1	2	0	33.1112
0.0773839	4	2	0	-19.4363
0.0773839	7	1	0	-5.10577
0.0774464	1	2	0	36.4221
0.0774464	4	2	0	-19.4362
0.0774821	1	1	1	65.8156
0.0774955	7	1	0	38.6569
0.0775357	4	1	1	62.6319
0.077558	4	2	0	11.3051
0.077558	7	1	0	-1.89187
0.0775714	1	2	0	36.4221
0.0776205	4	2	0	32.8153
0.0776205	7	1	0	6.78146
0.0776339	4	2	0	21.5261
0.077683	7	1	0	38.8028
0.0776964	1	2	0	61.0085
0.0777321	1	1	1	65.8156
0.0777455	4	2	0	10.9276
0.0777455	7	1	0	-2.14227
0.0777589	1	2	0	35.102
0.0777857	4	1	1	62.6319
0.077808	4	2	0	19.7492
0.077808	7	1	0	38.2429
0.0778705	4	2	0	33.193
0.0778705	7	1	0	7.13655
0.0778839	1	2	0	33.1112
0.0778884	4	2	0	18.5171
0.0779062	7	1	0	37.4208
0.0779464	1	2	0	33.1112
0.0779464	4	2	0	-19.4363
0.0779464	7	1	0	-5.10577
0.0779821	1	1	1	65.8156
0.0780357	4	1	1	31.0066
0.078058	4	2	0	11.3051
0.078058	7	1	0	-1.89187
0.0780714	1	2	0	35.102
0.0780759	7	1	0	35.6114
0.0781205	4	2	0	32.0571
0.0781339	4	2	0	33.6621
0.0781964	1	1	1	66.0634
0.0781964	1	2	0	34.9258
0.0781964	7	1	0	-5.12297
0.0782455	4	2	0	32.368
0.0782589	1	2	0	61.0085
0.0782857	1	1	1	5.96355
0.0782857	4	1	1	31.0066
0.078308	4	2	0	10.9276
0.078308	7	1	0	-2.14227
0.0783661	4	2	0	33.193
0.0783705	7	1	0	28.125
0.0783839	1	2	0	33.1112
0.0783884	4	2	0	18.5171
0.0783929	7	1	0	34.4147
0.0784464	1	2	0	33.1112
0.0784464	4	2	0	-19.4363
0.0784464	7	1	0	-5.10577
0.0785357	1	1	1	5.96355
0.0785357	4	1	1	31.0066
0.078558	7	1	0	39.0347
0.0785714	1	2	0	36.4221
0.0785714	4	2	0	-19.4362
0.0786205	7	1	0	38.6569
0.0786384	7	1	0	39.1801
0.0786964	1	2	0	34.9258
0.0786964	7	1	0	-5.12297
0.0787455	4	2	0	32.368
0.0787589	1	2	0	61.0085
0.0787857	1	1	1	5.96355
0.0787857	4	1	1	31.0066
0.078808	4	2	0	10.9276
0.078808	7	1	0	-2.14227
0.0788705	4	2	0	21.5261
0.0788705	7	1	0	9.83385
0.0788839	1	2	0	35.102
0.0788839	7	1	0	-5.11815
0.078933	4	2	0	32.4478
0.0789464	1	2	0	33.1112
0.0789464	7	1	0	-5.10577
0.0789955	4	2	0	33.2843
0.0790357	1	1	1	5.96355
0.0790357	4	1	1	31.0066
0.079058	4	2	0	33.193
0.079058	7	1	0	7.13655
0.0790714	1	2	0	36.4221
0.0790759	4	2	0	30.1837
0.0791205	7	1	0	38.2433
0.0791384	7	1	0	39.1801
0.0791964	1	2	0	61.0085
0.0792455	4	2	0	10.9276
0.0792455	7	1	0	-2.14227
0.0792589	1	2	0	36.4221
0.0792589	4	2	0	-19.4362
0.0792857	1	1	1	5.96355
0.0792857	4	1	1	31.0066
0.079308	7	1	0	38.6569
0.0793705	7	1	0	39.0347
0.0793839	1	2	0	34.9258
0.0793884	7	1	0	35.3038
0.079433	4	2	0	31.9773
0.0794464	1	2	0	33.1112
0.0794464	7	1	0	-5.10577
0.0794509	4	2	0	30.6527
0.0795357	4	1	1	62.6319
0.079558	7	1	0	39.0347
0.0795714	1	2	0	35.102
0.0795759	7	1	0	35.6114
0.0796205	4	2	0	32.0571
0.079683	4	2	0	33.6621
0.0796964	1	2	0	33.1112
0.0796964	7	1	0	-5.10577
0.0797321	1	1	1	65.8156
0.0797455	4	2	0	33.2843
0.0797589	1	2	0	36.4221
0.0797589	4	2	0	-19.4362
0.0797857	4	1	1	62.6319
0.079808	7	1	0	38.6569
0.0798705	7	1	0	39.1801
0.0798839	1	2	0	35.102
0.0798839	7	1	0	-5.11815
0.079933	4	2	0	32.4478
0.0799464	1	2	0	33.1112
0.0799464	4	2	0	-19.4363
0.0799464	7	1	0	-5.10577
0.0799821	1	1	1	65.8156
0.0800357	4	1	1	62.6319
0.080058	7	1	0	39.0347
0.0800714	1	2	0	61.0085
0.0801205	4	2	0	10.9276
0.0801205	7	1	0	-2.14227
0.0801339	7	1	0	9.83385
0.0801786	4	2	0	33.2748
0.0801964	1	2	0	36.4221
0.0802321	1	1	1	65.8156
0.0802455	4	2	0	32.8153
0.0802455	7	1	0	6.78146
0.0802589	1	2	0	61.0085
0.0802857	4	1	1	62.6319
0.080308	4	2	0	10.9276
0.080308	7	1	0	-2.14227
0.0803661	7	1	0	9.83385
0.0803705	4	2	0	25.0686
0.0803839	1	2	0	35.102
0.0803884	7	1	0	35.6114
0.080433	4	2	0	32.0571
0.0804464	1	2	0	36.4221
0.0804509	4	2	0	30.1837
0.0804821	1	1	1	65.8156
0.0804955	7	1	0	38.2433
0.0805134	7	1	0	39.1801
0.0805357	4	1	1	62.6319
0.0805714	1	2	0	61.0085
0.0806205	4	2	0	10.9276
0.0806205	7	1	0	-2.14227
0.0806339	4	2	0	33.193
0.080683	7	1	0	38.6572
0.0806964	1	2	0	36.1458
0.0806964	4	2	0	-19.4362
0.0807321	1	1	1	65.8156
0.0807455	7	1	0	38.6495
0.0807589	1	2	0	34.9258
0.0807634	7	1	0	35.3038
0.0807857	4	1	1	31.0066
0.080808	4	2	0	31.9773
0.0808214	4	2	0	33.6621
0.0808839	1	2	0	33.1112
0.0808839	4	2	0	-19.4363
0.0808839	7	1	0	-5.10577
0.0809464	1	1	1	66.0634
0.0809464	1	2	0	33.1112
0.0809464	4	2	0	-19.4363
0.0809509	7	1	0	36.1709
0.0810357	1	1	1	5.96355
0.0810357	4	1	1	31.0066
0.081058	4	2	0	32.8255
0.0810714	1	2	0	33.1112
0.0810714	7	1	0	-5.10577
0.0811205	4	2	0	33.2843
0.0811339	4	2	0	33.6621
0.0811964	1	2	0	61.0085
0.0812455	4	2	0	10.9276
0.0812455	7	1	0	-2.14227
0.0812589	1	2	0	35.102
0.0812857	1	1	1	5.96355
0.0812857	4	1	1	31.0066
0.081308	4	2	0	19.7492
0.081308	7	1	0	38.2429
0.0813214	7	1	0	38.6206
0.0813705	4	2	0	32.4689
0.0813839	1	2	0	36.4221
0.0813884	4	2	0	30.1837
0.081433	7	1	0	38.2433
0.0814464	1	2	0	33.1112
0.0814464	4	2	0	-19.4363
0.0814955	7	1	0	38.8024
0.0815357	1	1	1	5.96355
0.0815357	4	1	1	31.0066
0.081558	7	1	0	39.0347
0.0815714	1	2	0	33.1112
0.0815714	4	2	0	-19.4363
0.0815893	7	1	0	38.2114
0.081683	7	1	0	39.0347
0.0816964	1	2	0	33.1112
0.0816964	4	2	0	-19.4363
0.0816964	7	1	0	-5.10577
0.0817589	1	2	0	35.102
0.0817589	7	1	0	-5.11815
0.0817857	1	1	1	5.96355
0.0817857	4	1	1	31.0066
0.081808	4	2	0	32.4478
0.0818705	4	2	0	33.6621
0.0818839	1	2	0	35.102
0.0818839	7	1	0	-5.11815
0.081933	4	2	0	32.4478
0.0819464	1	2	0	33.1112
0.0819464	7	1	0	-5.10577
0.0819955	4	2	0	33.2843
0.0820357	1	1	1	5.96355
0.0820357	4	1	1	31.0066
0.082058	4	2	0	11.3051
0.082058	7	1	0	-1.89187
0.0820714	1	2	0	61.0085
0.0821205	4	2	0	10.8521
0.0821205	7	1	0	-2.14228
0.0821384	4	2	0	21.5261
0.082183	7	1	0	38.3894
0.0821964	1	2	0	61.0085
0.0822455	4	2	0	10.9276
0.0822455	7	1	0	-2.14227
0.0822589	1	2	0	36.4221
0.0822589	4	2	0	-19.4362
0.0822857	4	1	1	62.6319
0.082308	7	1	0	38.6569
0.0823705	4	2	0	11.3051
0.0823705	7	1	0	-1.89187
0.0823839	1	2	0	36.4221
0.0823839	4	2	0	-19.4362
0.082433	7	1	0	38.6569
0.0824464	1	2	0	33.1112
0.0824464	4	2	0	-19.4363
0.0824777	7	1	0	38.6004
0.0824821	1	1	1	65.8156
0.0825357	4	1	1	62.6319
0.082558	7	1	0	39.0347
0.0825714	1	2	0	61.0085
0.0826205	4	2	0	10.9276
0.0826205	7	1	0	-2.14227
0.0826339	7	1	0	9.83385
0.082683	4	2	0	33.3084
0.0826964	1	2	0	35.102
0.0827009	7	1	0	35.6114
0.0827321	1	1	1	65.8156
0.0827455	4	2	0	32.0571
0.0827589	1	2	0	35.102
0.0827589	7	1	0	-5.11815
0.0827857	4	1	1	62.6319
0.082808	4	2	0	32.4478
0.0828705	4	2	0	33.6621
0.0828839	1	2	0	35.102
0.0828839	7	1	0	-5.11815
0.082933	4	2	0	32.4478
0.0829464	1	2	0	36.4221
0.0829509	4	2	0	30.1837
0.0829821	1	1	1	65.8156
0.0829955	7	1	0	38.2433
0.0830134	7	1	0	39.1801
0.0830357	4	1	1	62.6319
0.0830714	1	2	0	36.4221
0.0830714	4	2	0	-19.4362
0.0831205	7	1	0	38.6569
0.083183	7	1	0	39.1801
0.0831964	1	2	0	36.4221
0.0831964	4	2	0	-19.4362
0.0832321	1	1	1	65.6192
0.0832455	7	1	0	38.6569
0.0832589	1	2	0	34.9258
0.0832857	4	1	1	62.6319
0.083308	4	2	0	19.6732
0.083308	7	1	0	37.9353
0.0833214	4	2	0	21.5261
0.0833214	7	1	0	9.83385
0.0833839	1	2	0	35.102
0.0833839	7	1	0	-5.11815
0.083433	4	2	0	32.4478
0.0834464	1	2	0	33.1112
0.0834464	7	1	0	-5.10577
0.0834821	1	1	1	65.8156
0.0834955	4	2	0	33.2843
0.0835357	4	1	1	31.0066
0.083558	4	2	0	33.6621
0.0835714	1	2	0	35.102
0.0835714	7	1	0	-5.11815
0.0836205	4	2	0	32.4478
0.0836339	4	2	0	33.193
0.083683	7	1	0	38.6572
0.0836964	1	1	1	66.0634
0.0836964	1	2	0	61.0085
0.0837455	4	2	0	10.9276
0.0837455	7	1	0	-2.14227
0.0837589	1	2	0	36.4221
0.0837589	4	2	0	-19.4362
0.0837857	1	1	1	5.96355
0.0837857	4	1	1	31.0066
0.083808	7	1	0	38.6569
0.0838705	7	1	0	39.1801
0.0838839	1	2	0	36.4221
0.0838839	4	2	0	-19.4362
0.083933	7	1	0	38.6569
0.0839464	1	2	0	35.102
0.0839955	4	2	0	19.7492
0.0839955	7	1	0	38.2429
0.0840089	4	2	0	33.193
0.0840357	1	1	1	5.96355
0.0840357	4	1	1	31.0066
0.084058	7	1	0	38.6572
0.0840714	1	2	0	35.102
0.0840982	7	1	0	37.9514
0.0841205	4	2	0	29.2948
0.084183	4	2	0	33.6621
0.0841964	1	2	0	35.102
0.0841964	7	1	0	-5.11815
0.0842455	4	2	0	32.4478
0.0842589	1	2	0	33.1112
0.0842589	7	1	0	-5.10577
0.0842857	1	1	1	5.96355
0.0842857	4	1	1	31.0066
0.084308	4	2	0	33.2843
0.0843214	4	2	0	33.6621
0.0843839	1	2	0	33.1112
0.0843839	4	2	0	-19.4363
0.0843839	7	1	0	-5.10577
0.0844464	1	2	0	33.1112
0.0844464	4	2	0	-19.4363
0.0844464	7	1	0	-5.10577
0.0845357	1	1	1	5.96355
0.0845357	4	1	1	31.0066
0.084558	7	1	0	39.0347
0.0845714	1	2	0	36.4221
0.0845714	4	2	0	-19.4362
0.0846205	7	1	0	38.6569
0.084683	7	1	0	39.1801
0.0846964	1	2	0	61.0085
0.0847455	4	2	0	10.9276
0.0847455	7	1	0	-2.14227
0.0847589	1	2	0	61.0085
0.0847857	1	1	1	5.96355
0.0847857	4	1	1	31.0066
0.084808	4	2	0	10.9276
0.084808	7	1	0	-2.14227
0.0848705	4	2	0	21.5261
0.0848705	7	1	0	9.83385
0.0848839	1	2	0	35.102
0.0848884	7	1	0	35.6114
0.084933	4	2	0	32.0571
0.0849464	1	2	0	33.1112
0.0849464	7	1	0	-5.10577
0.0849955	4	2	0	33.2843
0.0850357	4	1	1	62.6319
0.085058	4	2	0	33.193
0.085058	7	1	0	7.13655
0.0850714	1	2	0	61.0085
0.0851205	4	2	0	10.9276
0.0851205	7	1	0	-2.14227
0.0851384	4	2	0	21.5261
0.0851384	7	1	0	9.83385
0.0851964	1	2	0	60.7266
0.0852321	1	1	1	65.8156
0.0852455	4	2	0	12.6732
0.0852455	7	1	0	33.864
0.0852589	1	2	0	36.4221
0.0852589	4	2	0	-19.4362
0.0852857	4	1	1	62.6319
0.085308	7	1	0	38.6569
0.0853661	7	1	0	39.1801
0.0853839	1	2	0	36.4221
0.0853839	4	2	0	-19.4362
0.085433	7	1	0	38.6569
0.0854464	1	2	0	33.1112
0.0854464	4	2	0	-19.4363
0.0854732	7	1	0	38.5109
0.0854821	1	1	1	65.7336
0.0855357	4	1	1	62.6319
0.0855714	1	2	0	35.102
0.0855759	7	1	0	35.6114
0.0856205	4	2	0	32.0571
0.085683	4	2	0	33.6621
0.0856964	1	2	0	35.102
0.0856964	7	1	0	-5.11815
0.0857321	1	1	1	65.8156
0.0857455	4	2	0	32.4478
0.0857589	1	2	0	35.102
0.0857589	7	1	0	-5.11815
0.0857857	4	1	1	62.6319
0.085808	4	2	0	32.4478
0.0858705	4	2	0	33.6621
0.0858839	1	2	0	35.102
0.0858839	7	1	0	-5.11815
0.085933	4	2	0	32.4478
0.0859464	1	2	0	33.1112
0.0859464	7	1	0	-5.10577
0.0859509	4	2	0	30.6527
0.0859821	1	1	1	65.8156
0.0860357	4	1	1	62.6319
0.086058	7	1	0	39.0347
0.0860714	1	2	0	36.4221
0.0860714	4	2	0	-19.4362
0.0861205	7	1	0	38.6569
0.086183	7	1	0	39.1801
0.0861964	1	2	0	36.4221
0.0861964	4	2	0	-19.4362
0.0862321	1	1	1	65.8156
0.0862455	7	1	0	38.6569
0.0862589	1	2	0	36.4221
0.0862589	4	2	0	-19.4362
0.0862857	4	1	1	31.0066
0.086308	7	1	0	38.6569
0.0863705	7	1	0	39.0347
0.0863839	1	2	0	35.102
0.0863884	7	1	0	35.6114
0.086433	4	2	0	32.0571
0.0864464	1	1	1	66.0634
0.0864464	1	2	0	33.1112
0.0864464	7	1	0	-5.10577
0.0864955	4	2	0	33.2843
0.0865357	1	1	1	5.96355
0.0865357	4	1	1	31.0066
0.086558	4	2	0	11.3051
0.086558	7	1	0	-1.89187
0.0865714	1	2	0	35.102
0.0865714	7	1	0	-5.11815
0.0866205	4	2	0	32.4478
0.086683	4	2	0	33.6621
0.0866964	1	2	0	60.7266
0.0867455	4	2	0	12.6732
0.0867455	7	1	0	33.864
0.0867589	1	2	0	36.4221
0.0867634	4	2	0	30.1837
0.0867857	1	1	1	5.96355
0.0867857	4	1	1	31.0066
0.086808	7	1	0	38.2433
0.0868705	4	2	0	20.1269
0.0868705	7	1	0	38.6206
0.0868839	1	2	0	36.4221
0.0868839	4	2	0	-19.4362
0.086933	7	1	0	38.6569
0.0869464	1	2	0	33.1112
0.0869464	4	2	0	-19.4363
0.0869955	7	1	0	38.8024
0.0870357	1	1	1	5.96355
0.0870357	4	1	1	31.0066
0.087058	7	1	0	39.1801
0.0870714	1	2	0	36.4221
0.0870714	4	2	0	-19.4362
0.0871205	7	1	0	38.5953
0.0871384	7	1	0	39.1801
0.0871964	1	2	0	61.0085
0.0872455	4	2	0	10.9276
0.0872455	7	1	0	-2.14227
0.0872589	1	2	0	35.102
0.0872589	7	1	0	-5.11815
0.0872857	1	1	1	5.96355
0.0872857	4	1	1	31.0066
0.087308	4	2	0	32.4478
0.0873705	4	2	0	33.6621
0.0873839	1	2	0	35.102
0.0873839	7	1	0	-5.11815
0.087433	4	2	0	32.4478
0.0874464	1	2	0	33.1112
0.0874464	7	1	0	-5.10577
0.0874955	4	2	0	33.2843
0.0875357	1	1	1	5.96355
0.0875357	4	1	1	31.0066
0.087558	4	2	0	32.8255
0.0875714	1	2	0	36.4221
0.0875759	4	2	0	30.1837
0.0876205	7	1	0	38.2433
0.087683	7	1	0	39.1801
0.0876964	1	2	0	61.0085
0.0877455	4	2	0	10.9276
0.0877455	7	1	0	-2.14227
0.0877589	1	2	0	36.4221
0.0877589	4	2	0	-19.4362
0.0877857	4	1	1	62.6319
0.087808	7	1	0	38.6569
0.0878705	7	1	0	39.1801
0.0878839	1	2	0	34.9258
0.087933	4	2	0	19.6732
0.087933	7	1	0	37.9353
0.0879464	1	2	0	33.1112
0.0879509	4	2	0	18.5171
0.0879509	7	1	0	6.96154
0.0879821	1	1	1	65.8156
0.0880357	4	1	1	62.6319
0.088058	7	1	0	39.0347
0.0880714	1	2	0	35.102
0.0880759	7	1	0	35.6114
0.0881205	4	2	0	32.0571
0.088183	4	2	0	33.6621
0.0881964	1	2	0	33.1112
0.0881964	7	1	0	-5.10577
0.0882321	1	1	1	65.8156
0.0882455	4	2	0	33.2843
0.0882589	1	2	0	36.1458
0.0882589	4	2	0	-19.4362
0.0882857	4	1	1	62.6319
0.088308	7	1	0	38.6495
0.0883259	7	1	0	39.1801
0.0883839	1	2	0	33.1112
0.0883839	4	2	0	-19.4363
0.0883839	7	1	0	-5.10577
0.0884464	1	2	0	33.1112
0.0884464	4	2	0	-19.4363
0.0884464	7	1	0	-5.10577
0.0884821	1	1	1	65.8156
0.0885357	4	1	1	62.6319
0.088558	7	1	0	39.0347
0.0885714	1	2	0	35.102
0.0886205	4	2	0	19.7492
0.0886205	7	1	0	38.2429
0.0886339	7	1	0	9.83385
0.088683	4	2	0	33.3084
0.0886964	1	2	0	61.0085
0.0887321	1	1	1	65.8156
0.0887455	4	2	0	10.9276
0.0887455	7	1	0	-2.14227
0.0887589	1	2	0	61.0085
0.0887857	4	1	1	62.6319
0.088808	4	2	0	10.9276
0.088808	7	1	0	-2.14227
0.0888705	4	2	0	21.5261
0.0888705	7	1	0	9.83385
0.0888839	1	2	0	35.102
0.0888884	7	1	0	35.6114
0.088933	4	2	0	32.0571
0.0889464	1	2	0	36.4221
0.0889509	4	2	0	30.1837
0.0889821	1	1	1	65.8156
0.0889955	7	1	0	38.2433
0.0890357	4	1	1	31.0066
0.089058	7	1	0	39.0347
0.0890714	1	2	0	61.0085
0.0891205	4	2	0	10.9276
0.0891205	7	1	0	-2.14227
0.0891339	4	2	0	21.5261
0.0891473	7	1	0	37.9328
0.0891964	1	1	1	66.0634
0.0891964	1	2	0	36.1458
0.0891964	4	2	0	-19.4362
0.0892455	7	1	0	38.6495
0.0892589	1	2	0	34.9258
0.0892634	7	1	0	35.3038
0.0892857	1	1	1	5.96355
0.0892857	4	1	1	31.0066
0.089308	4	2	0	31.9773
0.0893214	4	2	0	33.6621
0.0893839	1	2	0	36.4221
0.0893839	4	2	0	-19.4362
0.089433	7	1	0	38.6569
0.0894464	1	2	0	33.1112
0.0894464	4	2	0	-19.4363
0.0894598	7	1	0	37.9312
0.0895357	1	1	1	5.96355
0.0895357	4	1	1	31.0066
0.089558	4	2	0	32.8255
0.0895714	1	2	0	33.1112
0.0895714	7	1	0	-5.10577
0.0896205	4	2	0	33.2843
0.0896339	4	2	0	33.6621
0.0896964	1	2	0	35.102
0.0896964	7	1	0	-5.11815
0.0897455	4	2	0	32.4478
0.0897589	1	2	0	35.102
0.0897589	7	1	0	-5.11815
0.0897857	1	1	1	5.96355
0.0897857	4	1	1	31.0066
0.089808	4	2	0	32.4478
0.0898705	4	2	0	32.8255
0.0898839	1	2	0	36.4221
0.0898884	4	2	0	30.1837
0.089933	7	1	0	38.2433
0.0899464	1	2	0	33.1112
0.0899464	4	2	0	-19.4363
0.0899955	7	1	0	38.8024
0.0900357	1	1	1	5.96355
0.0900357	4	1	1	31.0066
0.090058	7	1	0	39.0347
0.0900714	1	2	0	36.4221
0.0900714	4	2	0	-19.4362
0.0901205	7	1	0	38.6569
0.090183	7	1	0	39.1738
0.0901964	1	2	0	34.9258
0.0902455	4	2	0	19.6732
0.0902455	7	1	0	37.9353
0.0902589	1	2	0	35.102
0.0902634	7	1	0	35.6114
0.0902857	1	1	1	5.96355
0.0902857	4	1	1	31.0066
0.090308	4	2	0	32.0571
0.0903705	4	2	0	33.6571
0.0903839	1	2	0	35.102
0.0903839	7	1	0	-5.11815
0.090433	4	2	0	32.4478
0.0904464	1	2	0	33.1112
0.0904464	7	1	0	-5.10577
0.0904955	4	2	0	33.2843
0.0905357	4	1	1	62.6319
0.090558	4	2	0	33.6621
0.0905714	1	2	0	36.1458
0.0905759	4	2	0	29.9458
0.0906205	7	1	0	38.2358
0.0906339	7	1	0	39.1801
0.0906964	1	2	0	61.0085
0.0907321	1	1	1	65.8156
0.0907455	4	2	0	10.9276
0.0907455	7	1	0	-2.14227
0.0907589	1	2	0	36.4221
0.0907589	4	2	0	-19.4362
0.0907857	4	1	1	62.6319
0.090808	7	1	0	38.6569
0.0908705	7	1	0	39.1801
0.0908839	1	2	0	34.9258
0.090933	4	2	0	19.6732
0.090933	7	1	0	37.9353
0.0909464	1	2	0	33.1112
0.0909509	4	2	0	18.5171
0.0909509	7	1	0	6.96154
0.0909821	1	1	1	65.8156
0.0910357	4	1	1	62.6319
0.091058	7	1	0	39.0347
0.0910714	1	2	0	35.102
0.0910759	7	1	0	35.6114
0.0911205	4	2	0	32.0571
0.091183	4	2	0	33.6621
0.0911964	1	2	0	33.1112
0.0911964	7	1	0	-5.10577
0.0912321	1	1	1	65.8156
0.0912455	4	2	0	33.2843
0.0912589	1	2	0	36.1458
0.0912589	4	2	0	-19.4362
0.0912857	4	1	1	62.6319
0.091308	7	1	0	38.6495
0.0913259	7	1	0	39.1801
0.0913839	1	2	0	35.102
0.0913839	7	1	0	-5.11815
0.091433	4	2	0	32.4478
0.0914464	1	2	0	33.1112
0.0914464	4	2	0	-19.4363
0.0914464	7	1	0	-5.10577
0.0914821	1	1	1	65.8156
0.0915357	4	1	1	62.6319
0.091558	7	1	0	39.0347
0.0915714	1	2	0	35.102
0.0916205	4	2	0	19.7492
0.0916205	7	1	0	38.2429
0.0916339	7	1	0	9.83385
0.091683	4	2	0	33.3084
0.0916964	1	2	0	36.4221
0.0917321	1	1	1	65.8156
0.0917455	4	2	0	32.8153
0.0917455	7	1	0	6.78146
0.0917589	1	2	0	61.0085
0.0917857	4	1	1	31.0066
0.091808	4	2	0	10.9276
0.091808	7	1	0	-2.14227
0.0918705	4	2	0	33.193
0.0918705	7	1	0	7.13655
0.0918839	1	2	0	35.102
0.0918884	7	1	0	35.6114
0.091933	4	2	0	32.0571
0.0919464	1	1	1	66.0634
0.0919464	1	2	0	36.4221
0.0919509	4	2	0	30.1837
0.0919955	7	1	0	38.2433
0.0920357	1	1	1	5.96355
0.0920357	4	1	1	31.0066
0.092058	7	1	0	39.0347
0.0920714	1	2	0	61.0085
0.0921205	4	2	0	10.8521
0.0921205	7	1	0	-2.14228
0.0921339	4	2	0	21.5261
0.0921473	7	1	0	37.9328
0.0921964	1	2	0	36.1458
0.0921964	4	2	0	-19.4362
0.0922455	7	1	0	38.6495
0.0922589	1	2	0	34.9258
0.0922634	7	1	0	35.3038
0.0922857	1	1	1	5.96355
0.0922857	4	1	1	31.0066
0.092308	4	2	0	31.9773
0.0923214	4	2	0	33.6621
0.0923839	1	2	0	36.4221
0.0923839	4	2	0	-19.4362
0.092433	7	1	0	38.6569
0.0924464	1	2	0	33.1112
0.0924464	4	2	0	-19.4363
0.0924598	7	1	0	37.9312
0.0925357	1	1	1	5.96355
0.0925357	4	1	1	31.0066
0.092558	4	2	0	32.8255
0.0925714	1	2	0	33.1112
0.0925714	7	1	0	-5.10577
0.0926205	4	2	0	33.2843
0.0926339	4	2	0	33.6621
0.0926964	1	2	0	35.102
0.0926964	7	1	0	-5.11815
0.0927455	4	2	0	32.4478
0.0927589	1	2	0	35.102
0.0927589	7	1	0	-5.11815
0.0927857	1	1	1	5.96355
0.0927857	4	1	1	31.0066
0.092808	4	2	0	32.4478
0.0928705	4	2	0	33.6621
0.0928839	1	2	0	36.4221
0.0928884	4	2	0	30.1837
0.092933	7	1	0	38.2433
0.0929464	1	2	0	33.1112
0.0929464	4	2	0	-19.4363
0.0929955	7	1	0	38.8024
0.0930357	1	1	1	5.96355
0.0930357	4	1	1	31.0066
0.093058	7	1	0	39.0347
0.0930714	1	2	0	61.0085
0.0931205	4	2	0	10.9276
0.0931205	7	1	0	-2.14227
0.0931339	4	2	0	21.5261
0.093183	7	1	0	38.8028
0.0931964	1	2	0	34.9258
0.0932455	4	2	0	19.6732
0.0932455	7	1	0	37.9353
0.0932589	1	2	0	35.102
0.0932634	7	1	0	35.6114
0.0932857	4	1	1	62.6319
0.093308	4	2	0	32.0571
0.0933661	4	2	0	33.6621
0.0933839	1	2	0	36.4221
0.093433	4	2	0	32.8153
0.093433	7	1	0	6.78146
0.0934464	1	2	0	33.1112
0.0934509	4	2	0	18.5171
0.0934598	7	1	0	36.1729
0.0934821	1	1	1	65.8156
0.0935357	1	1	1	5.96355
0.0935357	4	1	1	31.0066
0.0935714	1	2	0	36.1458
0.0935714	4	2	0	-19.4362
0.0936205	7	1	0	38.6495
0.0936339	7	1	0	39.1801
0.0936964	1	2	0	33.1112
0.0936964	4	2	0	-19.4363
0.0936964	7	1	0	-5.10577
0.0937589	1	2	0	34.9258
0.0937589	7	1	0	-5.12297
0.0937857	4	1	1	62.6319
0.093808	4	2	0	32.368
0.0938214	4	2	0	33.6621
0.0938839	1	2	0	35.102
0.0938839	7	1	0	-5.11815
0.093933	4	2	0	32.4478
0.0939464	1	2	0	33.1112
0.0939464	7	1	0	-5.10577
0.0939821	1	1	1	65.8156
0.0939955	4	2	0	33.2843
0.0940357	4	1	1	62.6319
0.094058	4	2	0	11.3051
0.094058	7	1	0	-1.89187
0.0940714	1	2	0	36.4221
0.0941205	4	2	0	32.8153
0.0941205	7	1	0	6.78146
0.0941339	4	2	0	21.5261
0.094183	7	1	0	38.8028
0.0941964	1	2	0	36.4221
0.0941964	4	2	0	-19.4362
0.0942321	1	1	1	65.8156
0.0942455	7	1	0	38.6569
0.0942589	1	2	0	36.4221
0.0942589	4	2	0	-19.4362
0.0942857	4	1	1	62.6319
0.094308	7	1	0	38.6569
0.0943705	4	2	0	11.3051
0.0943705	7	1	0	-1.89187
0.0943839	1	2	0	33.1112
0.0943839	4	2	0	-19.4363
0.0944018	7	1	0	38.2114
0.0944464	1	2	0	33.1112
0.0944464	4	2	0	-19.4363
0.0944464	7	1	0	-5.10577
0.0944821	1	1	1	65.8156
0.0945357	4	1	1	62.6319
0.094558	4	2	0	11.3051
0.094558	7	1	0	-1.89187
0.0945714	1	2	0	35.102
0.0945714	7	1	0	-5.11815
0.0946205	4	2	0	32.4478
0.094683	4	2	0	33.193
0.094683	7	1	0	7.13655
0.0946964	1	2	0	35.102
0.0947009	7	1	0	35.6114
0.0947321	1	1	1	65.8156
0.0947455	4	2	0	32.0571
0.0947589	1	2	0	61.0085
0.0947857	4	1	1	62.6319
0.094808	4	2	0	10.9276
0.094808	7	1	0	-2.14227
0.0948705	4	2	0	20.1269
0.0948705	7	1	0	38.6206
0.0948839	1	2	0	36.4221
0.0948884	4	2	0	30.1837
0.094933	7	1	0	38.2433
0.0949464	1	2	0	33.1112
0.0949464	4	2	0	-19.4363
0.0949821	1	1	1	65.8156
0.0949955	7	1	0	38.8024
0.0950134	7	1	0	38.6206
0.0950357	4	1	1	31.0066
0.095058	4	2	0	32.0802
0.0950714	1	2	0	36.4221
0.0950714	4	2	0	-19.4362
0.0951205	7	1	0	38.6569
0.0951384	7	1	0	39.1801
0.0951964	1	1	1	66.0634
0.0951964	1	2	0	34.9258
0.0951964	7	1	0	-5.12297
0.0952455	4	2	0	32.368
0.0952589	1	2	0	35.102
0.0952589	7	1	0	-5.11815
0.0952857	1	1	1	5.96355
0.0952857	4	1	1	31.0066
0.095308	4	2	0	32.4478
0.0953705	4	2	0	33.6571
0.0953839	1	2	0	35.102
0.0953839	7	1	0	-5.11815
0.095433	4	2	0	32.4478
0.0954464	1	2	0	33.1112
0.0954464	7	1	0	-5.10577
0.0954955	4	2	0	33.2843
0.0955357	1	1	1	5.96355
0.0955357	4	1	1	31.0066
0.095558	4	2	0	33.6621
0.0955714	1	2	0	36.4221
0.0955759	4	2	0	30.1837
0.0956205	7	1	0	38.2433
0.095683	7	1	0	39.0347
0.0956964	1	2	0	61.0085
0.0957455	4	2	0	10.9276
0.0957455	7	1	0	-2.14227
0.0957589	1	2	0	36.4221
0.0957589	4	2	0	-19.4362
0.0957857	1	1	1	5.96355
0.0957857	4	1	1	31.0066
0.095808	7	1	0	38.6569
0.0958705	7	1	0	39.1801
0.0958839	1	2	0	33.1112
0.0958839	4	2	0	-19.4363
0.095933	7	1	0	38.8024
0.0959464	1	2	0	36.4221
0.0959464	4	2	0	-19.4362
0.0959955	7	1	0	38.6564
0.0960357	1	1	1	5.96355
0.0960357	4	1	1	31.0066
0.096058	7	1	0	39.0347
0.0960714	1	2	0	61.0085
0.0961205	4	2	0	10.9276
0.0961205	7	1	0	-2.14227
0.0961429	7	1	0	9.83385
0.096183	4	2	0	32.5004
0.0961964	1	2	0	35.102
0.0961964	7	1	0	-5.11815
0.0962455	4	2	0	32.4478
0.0962589	1	2	0	35.102
0.0962589	7	1	0	-5.11815
0.0962857	1	1	1	5.96355
0.0962857	4	1	1	31.0066
0.096308	4	2	0	32.4478
0.0963705	4	2	0	33.6621
0.0963839	1	2	0	35.102
0.0963839	7	1	0	-5.11815
0.096433	4	2	0	32.4478
0.0964464	1	2	0	35.9839
0.0964509	4	2	0	29.637
0.0964955	7	1	0	38.233
0.0965357	4	1	1	62.6319
0.096558	4	2	0	11.3051
0.096558	7	1	0	-1.89187
0.0965714	1	2	0	36.4221
0.0965714	4	2	0	-19.4362
0.0966205	7	1	0	38.6569
0.096683	7	1	0	39.1801
0.0966964	1	2	0	36.4221
0.0966964	4	2	0	-19.4362
0.0967321	1	1	1	65.8156
0.0967455	7	1	0	38.6569
0.0967589	1	2	0	34.9258
0.0967857	4	1	1	62.6319
0.096808	4	2	0	19.6732
0.096808	7	1	0	37.9353
0.0968214	4	2	0	33.193
0.0968705	7	1	0	38.6572
0.0968839	1	2	0	61.0085
0.096933	4	2	0	10.9276
0.096933	7	1	0	-2.14227
0.0969464	1	2	0	33.1112
0.0969554	7	1	0	8.14264
0.0969821	1	1	1	65.8156
0.0969955	4	2	0	32.4714
0.0970357	4	1	1	62.6319
0.097058	4	2	0	32.8255
0.0970714	1	2	0	33.1112
0.0970714	7	1	0	-5.10577
0.0971205	4	2	0	32.8845
0.0971339	4	2	0	33.6621
0.0971964	1	2	0	35.102
0.0971964	7	1	0	-5.11815
0.0972321	1	1	1	65.8156
0.0972455	4	2	0	32.4478
0.0972589	1	2	0	35.9839
0.0972589	4	2	0	-19.4361
0.0972857	4	1	1	62.6319
0.097308	7	1	0	38.6466
0.0973259	7	1	0	38.6206
0.0973705	4	2	0	32.0802
0.0973839	1	2	0	36.4221
0.0973839	4	2	0	-19.4362
0.097433	7	1	0	38.6569
0.0974464	1	2	0	33.1112
0.0974464	4	2	0	-19.4363
0.0974821	1	1	1	65.8156
0.0974955	7	1	0	38.8024
0.0975357	4	1	1	62.6319
0.097558	7	1	0	39.0347
0.0975714	1	2	0	35.102
0.0976205	4	2	0	19.7492
0.0976205	7	1	0	38.2429
0.0976339	7	1	0	9.83385
0.097683	4	2	0	33.3084
0.0976964	1	2	0	35.102
0.0976964	7	1	0	-5.11815
0.0977321	1	1	1	65.8156
0.0977455	4	2	0	32.4478
0.0977589	1	2	0	35.102
0.0977589	7	1	0	-5.11815
0.0977857	4	1	1	31.0066
0.097808	4	2	0	32.4478
0.0978705	4	2	0	33.6621
0.0978839	1	2	0	35.102
0.0978839	7	1	0	-5.11815
0.097933	4	2	0	32.4478
0.0979464	1	1	1	66.0634
0.0979464	1	2	0	36.4221
0.0979509	4	2	0	30.1837
0.0979955	7	1	0	38.2433
0.0980357	1	1	1	5.96355
0.0980357	4	1	1	31.0066
0.098058	4	2	0	11.3051
0.098058	7	1	0	-1.89187
0.0980714	1	2	0	61.0085
0.0981205	4	2	0	10.9276
0.0981205	7	1	0	-2.14227
0.0981339	4	2	0	21.5261
0.098183	7	1	0	38.8028
0.0981964	1	2	0	36.4221
0.0981964	4	2	0	-19.4362
0.0982455	7	1	0	38.6569
0.0982589	1	2	0	33.1112
0.0982589	4	2	0	-19.4363
0.0982857	1	1	1	5.96355
0.0982857	4	1	1	31.0066
0.098308	7	1	0	38.8024
0.0983705	7	1	0	39.0224
0.0983839	1	2	0	36.4221
0.0983839	4	2	0	-19.4362
0.098433	7	1	0	38.6569
0.0984464	1	2	0	33.1112
0.0984464	4	2	0	-19.4363
0.0984821	7	1	0	38.6688
0.0985357	1	1	1	5.96355
0.0985357	4	1	1	31.0066
0.098558	7	1	0	39.0347
0.0985714	1	2	0	35.102
0.0985714	7	1	0	-5.11815
0.0986205	4	2	0	32.4478
0.098683	4	2	0	32.8255
0.0986964	1	2	0	35.102
0.0986964	7	1	0	-5.11815
0.0987455	4	2	0	32.4478
0.0987589	1	2	0	35.102
0.0987589	7	1	0	-5.11815
0.0987857	1	1	1	5.96355
0.0987857	4	1	1	31.0066
0.098808	4	2	0	32.4478
0.0988705	4	2	0	33.6621
0.0988839	1	2	0	36.4221
0.098933	4	2	0	32.8153
0.098933	7	1	0	6.78146
0.0989464	1	2	0	33.1112
0.0989509	4	2	0	18.5171
0.0989955	7	1	0	38.3889
0.0990357	1	1	1	5.96355
0.0990357	4	1	1	31.0066
0.099058	7	1	0	39.0347
0.0990714	1	2	0	36.4221
0.0990714	4	2	0	-19.4362
0.0991205	7	1	0	38.6569
0.099183	7	1	0	39.1801
0.0991964	1	2	0	36.4221
0.0991964	4	2	0	-19.4362
0.0992455	7	1	0	38.6569
0.0992589	1	2	0	34.9258
0.0992679	7	1	0	36.5528
0.0992857	4	1	1	62.6319
0.099308	4	2	0	31.548
0.0993214	4	2	0	33.6621
0.0993839	1	2	0	35.102
0.0993839	7	1	0	-5.11815
0.099433	4	2	0	32.4478
0.0994464	1	2	0	33.1112
0.0994464	7	1	0	-5.10577
0.0994821	1	1	1	65.8156
0.0994955	4	2	0	33.2843
0.0995357	4	1	1	62.6319
0.099558	4	2	0	32.8255
0.0995714	1	2	0	33.1112
0.0995714	7	1	0	-5.10577
0.0996205	4	2	0	33.2843
0.0996339	4	2	0	33.6621
0.0996964	1	2	0	36.4221
0.0996964	4	2	0	-19.4362
0.0997321	1	1	1	65.8156
0.0997455	7	1	0	38.6569
0.0997589	1	2	0	36.4221
0.0997589	4	2	0	-19.4362
0.0997857	4	1	1	62.6319
0.099808	7	1	0	38.6569
0.0998705	4	2	0	20.1269
0.0998705	7	1	0	38.6206
0.0998839	1	2	0	36.4221
0.0998839	4	2	0	-19.4362
0.099933	7	1	0	38.6569
0.0999464	1	2	0	33.1112
0.0999464	4	2	0	-19.4363
0.0999821	1	1	1	65.8156
0.0999955	7	1	0	38.8024
