time(s)	cellId	rnti	lcid	packetSize	delay(s)
0.0165955	1	2	4	36	0.000283031
0.0165955	7	1	4	36	0.000283031
0.0166402	1	2	4	22	0.000265175
0.0166402	7	1	4	22	0.000265175
0.0167205	1	2	4	36	0.000283031
0.0167205	7	1	4	36	0.000283031
0.0167696	1	2	4	25	0.000269639
0.0167696	7	1	4	25	0.000269639
0.0168455	1	2	4	36	0.000283031
0.0168455	7	1	4	36	0.000283031
0.016908	1	2	4	36	0.000283031
0.016908	7	1	4	36	0.000283031
0.0169214	1	2	4	49	0.000233927
0.0169705	4	2	4	22	0.000595531
0.0169705	7	1	4	36	0.000283031
0.0169839	1	2	4	57	0.000233927
0.017033	4	2	4	36	0.000595531
0.017033	7	1	4	36	0.000283031
0.0170464	1	2	4	57	0.000233927
0.0170955	4	2	4	25	0.000595531
0.0170955	7	1	4	36	0.000283031
0.017158	4	2	4	36	0.000595531
0.017158	7	1	4	36	0.000283031
0.0171714	1	2	4	57	0.000233927
0.0172205	4	2	4	36	0.000908031
0.0172205	7	1	4	36	0.000283031
0.017283	4	2	4	36	0.000283031
0.017283	7	1	4	36	0.000283031
0.0172964	1	2	4	57	0.000233927
0.0173054	4	2	4	275	0.000242855
0.0173321	1	1	4	164	0.00083214
0.0173321	4	1	4	164	0.00083214
0.0173589	1	2	4	57	0.000233927
0.0173634	7	1	4	57	0.000238391
0.0174839	1	2	4	57	0.000233927
0.0174884	7	1	4	57	0.000238391
0.0175464	1	2	4	57	0.000233927
0.0175509	7	1	4	57	0.000238391
0.0175821	1	1	4	168	0.00083214
0.0175821	4	1	4	168	0.00083214
0.017658	7	1	4	73	0.000595531
0.0176714	1	2	4	57	0.000233927
0.0176759	7	1	4	57	0.000238391
0.0177205	4	2	4	57	0.000595531
0.017783	4	2	4	36	0.000283031
0.0177964	1	2	4	57	0.000233927
0.0178321	1	1	4	168	0.00083214
0.0178321	4	1	4	168	0.00083214
0.0178589	1	2	4	57	0.000233927
0.0179705	4	2	4	36	0.000283031
0.0179839	1	2	4	57	0.000233927
0.018033	4	2	4	36	0.000283031
0.0180464	1	2	4	57	0.000233927
0.0180509	4	2	4	182	0.000238391
0.0180821	1	1	4	168	0.00083214
0.0180821	4	1	4	168	0.00083214
0.018158	4	2	4	57	0.000908031
0.0181714	1	2	4	57	0.000233927
0.0182205	4	2	4	57	0.000908031
0.0182339	4	2	4	57	0.000233927
0.018283	7	1	4	36	0.000283031
0.0182964	1	2	4	57	0.000233927
0.0183321	1	1	4	168	0.00083214
0.0183321	4	1	4	168	0.00083214
0.0183455	7	1	4	57	0.000595531
0.0183589	1	2	4	57	0.000233927
0.018408	7	1	4	57	0.000595531
0.0184705	7	1	4	57	0.000908031
0.0184839	1	2	4	57	0.000233927
0.018533	7	1	4	57	0.000908031
0.0185464	1	2	4	57	0.000233927
0.0185777	7	1	4	249	0.000265175
0.0185821	1	1	4	168	0.00083214
0.0185821	4	1	4	168	0.00083214
0.0186357	4	1	4	393	0.000635713
0.0186714	1	1	4	393	0.000671427
0.0186714	1	2	4	57	0.000233927
0.0187205	4	2	4	57	0.000658031
0.018783	4	2	4	57	0.000658031
0.0187964	1	2	4	57	0.000233927
0.0188455	4	2	4	57	0.000595531
0.0188589	1	2	4	57	0.000233927
0.0188857	4	1	4	245	0.000635713
0.0189036	1	1	4	245	0.00065357
0.0189705	4	2	4	36	0.000283031
0.0189839	1	2	4	57	0.000233927
0.019033	4	2	4	36	0.000283031
0.0190464	1	2	4	57	0.000233927
0.0190955	7	1	4	36	0.000283031
0.0191357	4	1	4	164	0.000635713
0.0191536	1	1	4	164	0.00065357
0.019158	7	1	4	57	0.000595531
0.0191714	1	2	4	57	0.000233927
0.0192205	4	2	4	57	0.000908031
0.0192339	4	2	4	57	0.000233927
0.019283	7	1	4	36	0.000283031
0.0192964	1	2	4	57	0.000233927
0.0193455	7	1	4	57	0.000908031
0.0193589	1	2	4	57	0.000233927
0.0193679	7	1	4	216	0.000242855
0.0193857	4	1	4	245	0.000635713
0.0194036	1	1	4	245	0.00065357
0.019408	4	2	4	216	0.000595531
0.0194214	4	2	4	57	0.000233927
0.0194839	1	2	4	57	0.000233927
0.019533	7	1	4	57	0.000908031
0.0195464	1	2	4	57	0.000233927
0.0195598	7	1	4	114	0.000247319
0.0196357	4	1	4	164	0.000635713
0.0196536	1	1	4	164	0.00065357
0.0196714	1	2	4	57	0.000233927
0.0197205	4	2	4	36	0.000283031
0.0197339	4	2	4	23	0.000233927
0.0197964	1	2	4	57	0.000233927
0.0198455	4	2	4	57	0.000595531
0.0198589	1	2	4	57	0.000233927
0.0198857	4	1	4	245	0.000635713
0.0199036	1	1	4	245	0.00065357
0.0199705	4	2	4	57	0.000908031
0.0199839	1	2	4	57	0.000233927
0.0200464	1	2	4	57	0.000233927
0.0200955	7	1	4	36	0.000283031
0.0201357	4	1	4	164	0.000635713
0.020158	7	1	4	57	0.000595531
0.0201714	1	2	4	57	0.000233927
0.0202205	4	2	4	57	0.000908031
0.0202339	4	2	4	57	0.000233927
0.020283	7	1	4	36	0.000283031
0.0202964	1	2	4	57	0.000233927
0.0203455	4	2	4	170	0.000595531
0.0203455	7	1	4	57	0.000908031
0.0203589	1	2	4	57	0.000233927
0.0203857	4	1	4	245	0.000635713
0.020408	4	2	4	57	0.000595531
0.0204705	4	2	4	36	0.000283031
0.0204839	1	2	4	57	0.000233927
0.020533	4	2	4	36	0.000283031
0.020533	7	1	4	57	0.000908031
0.0205464	1	2	4	57	0.000233927
0.0205598	7	1	4	114	0.000247319
0.0206357	4	1	4	164	0.000635713
0.0206714	1	2	4	57	0.000233927
0.0207205	7	1	4	216	0.000595531
0.0207339	7	1	4	57	0.000233927
0.0207964	1	2	4	57	0.000233927
0.0208589	1	2	4	57	0.000233927
0.0208857	4	1	4	245	0.000635713
0.020908	4	2	4	159	0.000595531
0.0209214	4	2	4	57	0.000233927
0.0209839	1	2	4	57	0.000233927
0.021033	4	2	4	57	0.000595531
0.0210464	1	2	4	57	0.000233927
0.0210955	4	2	4	36	0.000283031
0.0211357	4	1	4	164	0.000635713
0.0211714	1	2	4	57	0.000233927
0.0212205	4	2	4	36	0.000283031
0.0212205	7	1	4	57	0.000595531
0.0212339	4	2	4	103	0.000233927
0.021283	7	1	4	36	0.000283031
0.0212964	1	2	4	57	0.000233927
0.0213589	1	2	4	57	0.000233927
0.0213857	4	1	4	245	0.000635713
0.0214705	4	2	4	57	0.000908031
0.0214705	7	1	4	57	0.000908031
0.0214839	1	2	4	57	0.000233927
0.0215018	7	1	4	193	0.000251783
0.0215464	1	2	4	57	0.000233927
0.0215821	1	1	4	164	0.00208214
0.0216357	4	1	4	164	0.000635713
0.021658	7	1	4	57	0.000908031
0.0216714	1	2	4	57	0.000233927
0.0217205	7	1	4	57	0.000908031
0.021783	4	2	4	36	0.000283031
0.0217964	1	2	4	57	0.000233927
0.0218009	7	1	4	57	0.000238391
0.0218321	1	1	4	245	0.00208214
0.0218455	4	2	4	57	0.000595531
0.0218589	1	2	4	57	0.000233927
0.0218857	4	1	4	245	0.000635713
0.021908	4	2	4	57	0.000595531
0.0219705	4	2	4	57	0.000908031
0.0219705	7	1	4	36	0.000283031
0.0219839	1	2	4	57	0.000233927
0.0219884	7	1	4	78	0.000238391
0.022033	4	2	4	57	0.000908031
0.0220464	1	2	4	57	0.000233927
0.0220821	1	1	4	164	0.00208214
0.0220955	7	1	4	57	0.000595531
0.0221134	7	1	4	61	0.000238391
0.0221357	4	1	4	164	0.000635713
0.0221714	1	2	4	57	0.000233927
0.0222205	7	1	4	57	0.000908031
0.0222384	7	1	4	57	0.000238391
0.0222964	1	2	4	57	0.000233927
0.0223321	1	1	4	245	0.00208214
0.0223589	1	2	4	57	0.000233927
0.0223857	4	1	4	245	0.000635713
0.022408	4	2	4	249	0.000595531
0.0224214	4	2	4	57	0.000233927
0.0224839	1	2	4	57	0.000233927
0.022533	4	2	4	57	0.000595531
0.0225464	1	2	4	57	0.000233927
0.0225821	1	1	4	164	0.00208214
0.0225955	4	2	4	36	0.000283031
0.0226357	4	1	4	164	0.000635713
0.0226714	1	2	4	57	0.000233927
0.0227205	4	2	4	36	0.000283031
0.0227205	7	1	4	57	0.000595531
0.0227339	4	2	4	103	0.000233927
0.022783	7	1	4	36	0.000283031
0.0227964	1	1	4	1223	0.000796426
0.0227964	1	2	4	57	0.000233927
0.0228589	1	2	4	57	0.000233927
0.0228857	4	1	4	245	0.000635713
0.0229705	4	2	4	57	0.000908031
0.0229705	7	1	4	57	0.000908031
0.0229839	1	2	4	57	0.000233927
0.0230018	7	1	4	193	0.000251783
0.0230464	1	2	4	57	0.000233927
0.0231357	4	1	4	164	0.000635713
0.023158	7	1	4	57	0.000908031
0.0231714	1	2	4	57	0.000233927
0.0232205	7	1	4	57	0.000908031
0.023283	4	2	4	36	0.000283031
0.0232964	1	2	4	57	0.000233927
0.0233009	7	1	4	57	0.000238391
0.0233455	4	2	4	57	0.000595531
0.0233589	1	2	4	57	0.000233927
0.0233857	4	1	4	245	0.000635713
0.023408	4	2	4	57	0.000595531
0.0234661	4	2	4	57	0.000903567
0.0234705	7	1	4	36	0.000283031
0.0234839	1	2	4	57	0.000233927
0.0234884	7	1	4	78	0.000238391
0.023533	4	2	4	57	0.000908031
0.0235464	1	2	4	57	0.000233927
0.0235955	7	1	4	57	0.000595531
0.0236134	7	1	4	61	0.000238391
0.0236357	4	1	4	164	0.000635713
0.0236714	1	2	4	57	0.000233927
0.0237205	7	1	4	57	0.000908031
0.0237384	7	1	4	57	0.000238391
0.0237964	1	2	4	57	0.000233927
0.0238589	1	2	4	57	0.000233927
0.0238857	4	1	4	245	0.000635713
0.023908	4	2	4	249	0.000595531
0.0239214	4	2	4	57	0.000233927
0.0239839	1	2	4	57	0.000233927
0.024033	4	2	4	57	0.000595531
0.0240464	1	2	4	57	0.000233927
0.0240955	4	2	4	36	0.000283031
0.0241357	4	1	4	164	0.000635713
0.024158	4	2	4	57	0.000595531
0.0241714	1	2	4	57	0.000233927
0.0242205	4	2	4	36	0.000283031
0.0242205	7	1	4	57	0.000595531
0.0242339	4	2	4	103	0.000233927
0.024283	7	1	4	36	0.000283031
0.0242964	1	2	4	57	0.000233927
0.0243321	1	1	4	245	0.00208214
0.0243455	7	1	4	57	0.000595531
0.0243589	1	2	4	57	0.000233927
0.0243857	4	1	4	245	0.000635713
0.024408	7	1	4	57	0.000595531
0.0244705	7	1	4	57	0.000908031
0.0244839	1	2	4	57	0.000233927
0.0245018	7	1	4	193	0.000251783
0.0245464	1	2	4	57	0.000233927
0.0245821	1	1	4	164	0.00208214
0.0246357	4	1	4	164	0.000635713
0.0246714	1	2	4	57	0.000233927
0.0247205	4	2	4	57	0.000595531
0.024783	4	2	4	36	0.000283031
0.0247964	1	2	4	57	0.000233927
0.0248321	1	1	4	245	0.00208214
0.0248455	4	2	4	57	0.000595531
0.0248589	1	2	4	57	0.000233927
0.0248857	4	1	4	245	0.000635713
0.024908	4	2	4	57	0.000595531
0.0249705	4	2	4	57	0.000908031
0.0249705	7	1	4	36	0.000283031
0.0249839	1	2	4	57	0.000233927
0.0249884	4	2	4	193	0.000238391
0.0250464	1	2	4	57	0.000233927
0.0250821	1	1	4	164	0.00208214
0.0250955	7	1	4	36	0.000283031
0.0251357	4	1	4	164	0.000635713
0.025158	7	1	4	57	0.000595531
0.0251714	1	2	4	57	0.000233927
0.0252205	7	1	4	57	0.000908031
0.0252562	7	1	4	159	0.000256247
0.0252964	1	2	4	57	0.000233927
0.0253321	1	1	4	245	0.00208214
0.0253455	7	1	4	57	0.000908031
0.0253589	1	2	4	57	0.000233927
0.0253857	4	1	4	245	0.000635713
0.025408	4	2	4	57	0.000595531
0.0254705	4	2	4	36	0.000283031
0.0254839	1	2	4	57	0.000233927
0.0255464	1	1	4	1223	0.000796426
0.0255464	1	2	4	57	0.000233927
0.0255955	4	2	4	36	0.000283031
0.0256357	4	1	4	164	0.000635713
0.025658	4	2	4	57	0.000595531
0.0256714	1	2	4	57	0.000233927
0.0257205	4	2	4	36	0.000283031
0.0257384	4	2	4	125	0.000238391
0.025783	7	1	4	36	0.000283031
0.0257964	1	2	4	57	0.000233927
0.0258455	4	2	4	57	0.000908031
0.0258589	1	2	4	57	0.000233927
0.0258857	4	1	4	245	0.000635713
0.0259705	7	1	4	36	0.000283031
0.0259839	1	2	4	57	0.000233927
0.026033	7	1	4	114	0.000908031
0.0260464	1	2	4	57	0.000233927
0.0260554	7	1	4	216	0.000242855
0.0261357	4	1	4	164	0.000635713
0.026158	7	1	4	57	0.000908031
0.0261714	1	2	4	57	0.000233927
0.0262205	7	1	4	57	0.000908031
0.026283	4	2	4	36	0.000283031
0.0262964	1	2	4	57	0.000233927
0.0263589	1	2	4	57	0.000233927
0.0263857	4	1	4	245	0.000635713
0.026408	4	2	4	57	0.000595531
0.0264705	4	2	4	36	0.000283031
0.0264839	1	2	4	57	0.000233927
0.026533	4	2	4	114	0.000908031
0.0265464	1	2	4	57	0.000233927
0.0265955	7	1	4	57	0.000595531
0.0266357	4	1	4	164	0.000635713
0.026658	4	2	4	57	0.000908031
0.0266714	1	2	4	57	0.000233927
0.026783	7	1	4	36	0.000283031
0.0267964	1	2	4	57	0.000233927
0.0268589	1	2	4	57	0.000233927
0.0268857	4	1	4	245	0.000635713
0.026908	4	2	4	216	0.000595531
0.026908	7	1	4	36	0.000283031
0.0269214	4	2	4	57	0.000233927
0.0269705	7	1	4	57	0.000908031
0.0269839	1	2	4	57	0.000233927
0.027033	7	1	4	57	0.000908031
0.0270464	1	2	4	57	0.000233927
0.0270821	1	1	4	164	0.00208214
0.0270955	4	2	4	36	0.000283031
0.0271357	4	1	4	164	0.000635713
0.027158	7	1	4	57	0.000908031
0.0271714	1	2	4	57	0.000233927
0.0272205	4	2	4	36	0.000283031
0.0272339	4	2	4	103	0.000233927
0.0272964	1	2	4	57	0.000233927
0.0273321	1	1	4	245	0.00208214
0.0273455	4	2	4	57	0.000908031
0.0273589	1	2	4	57	0.000233927
0.0273857	4	1	4	245	0.000635713
0.027408	7	1	4	272	0.000595531
0.0274259	7	1	4	57	0.000238391
0.0274705	4	2	4	57	0.000908031
0.0274839	1	2	4	57	0.000233927
0.027533	7	1	4	57	0.000595531
0.0275464	1	2	4	57	0.000233927
0.0275821	1	1	4	164	0.00208214
0.0275955	7	1	4	36	0.000283031
0.0276357	4	1	4	164	0.000635713
0.0276714	1	2	4	57	0.000233927
0.0277205	7	1	4	36	0.000283031
0.027783	4	2	4	36	0.000283031
0.0277964	1	2	4	57	0.000233927
0.0278321	1	1	4	245	0.00208214
0.0278455	4	2	4	57	0.000595531
0.0278589	1	2	4	57	0.000233927
0.0278857	4	1	4	245	0.000635713
0.0279705	4	2	4	36	0.000283031
0.0279705	7	1	4	57	0.000908031
0.0279839	1	2	4	57	0.000233927
0.028033	4	2	4	114	0.000908031
0.0280464	1	2	4	57	0.000233927
0.0280821	1	1	4	164	0.00208214
0.0280955	7	1	4	103	0.000595531
0.0281357	4	1	4	164	0.000635713
0.028158	7	1	4	57	0.000595531
0.0281714	1	2	4	57	0.000233927
0.0282205	4	2	4	57	0.000908031
0.0282339	4	2	4	57	0.000233927
0.028283	7	1	4	36	0.000283031
0.0282964	1	1	4	1223	0.000796426
0.0282964	1	2	4	57	0.000233927
0.0283455	7	1	4	57	0.000595531
0.0283589	1	2	4	57	0.000233927
0.0283857	4	1	4	245	0.000635713
0.028408	4	2	4	216	0.000595531
0.028408	7	1	4	36	0.000283031
0.0284214	4	2	4	57	0.000233927
0.0284259	7	1	4	159	0.000238391
0.0284839	1	2	4	57	0.000233927
0.028533	7	1	4	57	0.000908031
0.0285464	1	2	4	57	0.000233927
0.0285598	7	1	4	114	0.000247319
0.0286357	4	1	4	164	0.000635713
0.0286714	1	2	4	57	0.000233927
0.0287205	4	2	4	57	0.000658031
0.0287339	4	2	4	57	0.000233927
0.0287964	1	2	4	57	0.000233927
0.0288455	4	2	4	57	0.000595531
0.0288589	1	2	4	57	0.000233927
0.0288857	4	1	4	245	0.000635713
0.0289705	4	2	4	36	0.000283031
0.0289839	1	2	4	57	0.000233927
0.029033	4	2	4	36	0.000283031
0.0290464	1	2	4	57	0.000233927
0.0290955	7	1	4	36	0.000283031
0.0291357	4	1	4	164	0.000635713
0.029158	7	1	4	57	0.000595531
0.0291714	1	2	4	57	0.000233927
0.0292205	4	2	4	57	0.000908031
0.0292339	4	2	4	57	0.000233927
0.029283	7	1	4	36	0.000283031
0.0292964	1	2	4	57	0.000233927
0.0293455	7	1	4	57	0.000908031
0.0293589	1	2	4	57	0.000233927
0.0293679	7	1	4	216	0.000242855
0.0293857	4	1	4	245	0.000635713
0.029408	4	2	4	159	0.000595531
0.0294214	4	2	4	57	0.000233927
0.0294839	1	2	4	57	0.000233927
0.029533	7	1	4	57	0.000908031
0.0295464	1	2	4	57	0.000233927
0.0295598	7	1	4	114	0.000247319
0.0296357	4	1	4	164	0.000635713
0.0296714	1	2	4	57	0.000233927
0.0297205	4	2	4	36	0.000283031
0.0297339	4	2	4	23	0.000233927
0.0297964	1	2	4	57	0.000233927
0.0298321	1	1	4	245	0.00208214
0.0298455	4	2	4	57	0.000595531
0.0298589	1	2	4	57	0.000233927
0.0298857	4	1	4	245	0.000635713
0.0299705	4	2	4	57	0.000908031
0.0299839	1	2	4	57	0.000233927
0.030033	7	1	4	57	0.000595531
0.0300464	1	2	4	57	0.000233927
0.0300821	1	1	4	164	0.00208214
0.0300955	7	1	4	36	0.000283031
0.0301357	4	1	4	164	0.000635713
0.030158	7	1	4	57	0.000595531
0.0301714	1	2	4	57	0.000233927
0.0302205	4	2	4	57	0.000908031
0.0302339	4	2	4	57	0.000233927
0.030283	7	1	4	36	0.000283031
0.0302964	1	2	4	57	0.000233927
0.0303321	1	1	4	245	0.00208214
0.0303455	4	2	4	170	0.000595531
0.0303455	7	1	4	36	0.000283031
0.0303589	1	2	4	57	0.000233927
0.0303857	4	1	4	245	0.000635713
0.0304705	4	2	4	36	0.000283031
0.0304839	1	2	4	57	0.000233927
0.030533	4	2	4	36	0.000283031
0.030533	7	1	4	57	0.000908031
0.0305464	1	2	4	57	0.000233927
0.0305598	7	1	4	114	0.000247319
0.0305821	1	1	4	164	0.00208214
0.0306357	4	1	4	164	0.000635713
0.0306714	1	2	4	57	0.000233927
0.0307205	4	2	4	57	0.000908031
0.0307205	7	1	4	182	0.000595531
0.0307339	4	2	4	57	0.000233927
0.0307964	1	2	4	57	0.000233927
0.0308321	1	1	4	245	0.00208214
0.0308589	1	2	4	57	0.000233927
0.0308857	4	1	4	245	0.000635713
0.030908	4	2	4	159	0.000595531
0.0309214	4	2	4	57	0.000233927
0.0309839	1	2	4	57	0.000233927
0.0310464	1	1	4	1223	0.000796426
0.0310464	1	2	4	57	0.000233927
0.0310955	7	1	4	57	0.000595531
0.0311357	4	1	4	164	0.000635713
0.0311714	1	2	4	57	0.000233927
0.0312205	4	2	4	36	0.000283031
0.0312205	7	1	4	57	0.000595531
0.0312339	4	2	4	23	0.000233927
0.031283	7	1	4	36	0.000283031
0.0312964	1	2	4	57	0.000233927
0.0313455	4	2	4	57	0.000595531
0.0313589	1	2	4	57	0.000233927
0.0313857	4	1	4	245	0.000635713
0.031408	4	2	4	57	0.000595531
0.031408	7	1	4	36	0.000283031
0.0314705	4	2	4	57	0.000908031
0.0314839	1	2	4	57	0.000233927
0.0315062	7	1	4	216	0.000256247
0.0315464	1	2	4	57	0.000233927
0.0316357	4	1	4	164	0.000635713
0.031658	7	1	4	57	0.000908031
0.0316714	1	2	4	57	0.000233927
0.0316759	7	1	4	57	0.000238391
0.031783	7	1	4	57	0.00122053
0.0317964	1	2	4	57	0.000233927
0.0318009	7	1	4	57	0.000238391
0.0318455	4	2	4	170	0.000595531
0.0318589	1	2	4	57	0.000233927
0.0318857	4	1	4	245	0.000635713
0.031908	4	2	4	57	0.000595531
0.0319705	4	2	4	36	0.000283031
0.0319705	7	1	4	36	0.000283031
0.0319839	1	2	4	57	0.000233927
0.0320464	1	2	4	57	0.000233927
0.0320955	4	2	4	36	0.000283031
0.0321357	4	1	4	164	0.000635713
0.032158	4	2	4	36	0.000283031
0.0321714	1	2	4	57	0.000233927
0.0322205	7	1	4	57	0.000908031
0.0322384	7	1	4	57	0.000238391
0.0322964	1	2	4	57	0.000233927
0.0323455	4	2	4	57	0.000908031
0.0323589	1	2	4	57	0.000233927
0.0323857	4	1	4	245	0.000635713
0.032408	7	1	4	57	0.000595531
0.0324705	7	1	4	36	0.000283031
0.0324839	1	2	4	57	0.000233927
0.032533	4	2	4	182	0.000595531
0.032533	7	1	4	36	0.000283031
0.0325464	1	2	4	57	0.000233927
0.0325509	4	2	4	114	0.000238391
0.0325821	1	1	4	164	0.00208214
0.0326357	4	1	4	164	0.000635713
0.032658	7	1	4	80	0.000908031
0.0326714	1	2	4	57	0.000233927
0.0326759	7	1	4	57	0.000238391
0.032783	4	2	4	36	0.000283031
0.0327964	1	2	4	57	0.000233927
0.0328321	1	1	4	245	0.00208214
0.0328455	4	2	4	36	0.000283031
0.0328589	1	2	4	57	0.000233927
0.0328857	4	1	4	245	0.000635713
0.032908	7	1	4	159	0.000595531
0.0329259	7	1	4	57	0.000238391
0.0329839	1	2	4	57	0.000233927
0.033033	4	2	4	114	0.000908031
0.0330464	1	2	4	57	0.000233927
0.0330643	1	1	4	164	0.00206428
0.0331357	4	1	4	164	0.000635713
0.033158	7	1	4	57	0.000595531
0.0331714	1	2	4	57	0.000233927
0.0332205	7	1	4	36	0.000283031
0.033283	4	2	4	36	0.000283031
0.0332964	1	2	4	57	0.000233927
0.0333321	1	1	4	245	0.00208214
0.0333455	4	2	4	36	0.000283031
0.0333589	1	2	4	57	0.000233927
0.0333857	4	1	4	245	0.000635713
0.0334661	4	2	4	32	0.000278567
0.0334705	7	1	4	36	0.000283031
0.0334839	1	2	4	57	0.000233927
0.033533	4	2	4	103	0.000908031
0.0335464	1	2	4	57	0.000233927
0.0335821	1	1	4	164	0.00208214
0.0335955	7	1	4	23	0.000595531
0.0336357	4	1	4	164	0.000635713
0.033658	7	1	4	57	0.000908031
0.0336714	1	2	4	57	0.000233927
0.0337205	4	2	4	114	0.000908031
0.0337339	4	2	4	57	0.000233927
0.0337473	7	1	4	114	0.000247319
0.0337964	1	1	4	1223	0.000796426
0.0337964	1	2	4	57	0.000233927
0.0338455	7	1	4	136	0.000595531
0.0338589	1	2	4	57	0.000233927
0.0338634	7	1	4	114	0.000238391
0.0338857	4	1	4	245	0.000635713
0.033908	4	2	4	186	0.000595531
0.0339214	4	2	4	57	0.000233927
0.0339839	1	2	4	57	0.000233927
0.034033	7	1	4	57	0.00122053
0.0340464	1	2	4	57	0.000233927
0.0340598	7	1	4	114	0.000247319
0.0341357	4	1	4	164	0.000635713
0.0341714	1	2	4	57	0.000233927
0.0342205	4	2	4	36	0.000283031
0.0342339	4	2	4	23	0.000233927
0.0342964	1	2	4	57	0.000233927
0.0343455	4	2	4	57	0.000595531
0.0343589	1	2	4	57	0.000233927
0.0343857	4	1	4	245	0.000635713
0.034408	4	2	4	57	0.000595531
0.0344705	4	2	4	57	0.000908031
0.0344839	1	2	4	57	0.000233927
0.034533	7	1	4	57	0.000595531
0.0345464	1	2	4	57	0.000233927
0.0345955	7	1	4	36	0.000283031
0.0346357	4	1	4	164	0.000635713
0.034658	7	1	4	57	0.000595531
0.0346714	1	2	4	57	0.000233927
0.0347205	7	1	4	57	0.000595531
0.034783	7	1	4	36	0.000283031
0.0347964	1	2	4	57	0.000233927
0.0348455	4	2	4	170	0.000595531
0.0348455	7	1	4	36	0.000283031
0.0348589	1	2	4	57	0.000233927
0.0348857	4	1	4	245	0.000635713
0.0349705	4	2	4	36	0.000283031
0.0349839	1	2	4	57	0.000233927
0.035033	4	2	4	57	0.000595531
0.0350464	1	2	4	57	0.000233927
0.0350955	4	2	4	36	0.000283031
0.0351357	4	1	4	164	0.000635713
0.035158	4	2	4	36	0.000283031
0.0351714	1	2	4	57	0.000233927
0.0352205	4	2	4	57	0.000908031
0.0352205	7	1	4	182	0.000595531
0.0352384	4	2	4	182	0.000238391
0.0352964	1	2	4	57	0.000233927
0.0353321	1	1	4	245	0.00208214
0.0353589	1	2	4	57	0.000233927
0.0353857	4	1	4	245	0.000635713
0.035408	7	1	4	57	0.000595531
0.0354661	7	1	4	32	0.000278567
0.0354839	1	2	4	57	0.000233927
0.035533	7	1	4	36	0.000283031
0.0355464	1	2	4	57	0.000233927
0.0355821	1	1	4	164	0.00208214
0.0355955	7	1	4	57	0.000595531
0.0356223	7	1	4	162	0.000247319
0.0356357	4	1	4	164	0.000635713
0.0356714	1	2	4	57	0.000233927
0.0357205	7	1	4	57	0.000970531
0.035783	4	2	4	36	0.000283031
0.0357964	1	2	4	57	0.000233927
0.0358321	1	1	4	245	0.00208214
0.0358589	1	2	4	57	0.000233927
0.0358857	4	1	4	245	0.000635713
0.0359705	4	2	4	57	0.000908031
0.0359839	1	2	4	57	0.000233927
0.036033	4	2	4	57	0.000908031
0.0360464	1	2	4	57	0.000233927
0.0360643	1	1	4	164	0.00206428
0.0360955	7	1	4	60	0.000595531
0.0361357	4	1	4	164	0.000635713
0.036158	4	2	4	57	0.000908031
0.0361714	1	2	4	57	0.000233927
0.0362205	4	2	4	57	0.000908031
0.0362339	4	2	4	57	0.000233927
0.036283	7	1	4	36	0.000283031
0.0362964	1	2	4	57	0.000233927
0.0363321	1	1	4	245	0.00208214
0.0363455	7	1	4	57	0.000595531
0.0363589	1	2	4	57	0.000233927
0.0363857	4	1	4	245	0.000635713
0.036408	4	2	4	249	0.000595531
0.036408	7	1	4	36	0.000283031
0.0364214	4	2	4	57	0.000233927
0.0364705	7	1	4	57	0.000908031
0.0364839	1	2	4	57	0.000233927
0.036533	7	1	4	57	0.000908031
0.0365464	1	1	4	1223	0.000796426
0.0365464	1	2	4	57	0.000233927
0.0365821	7	1	4	272	0.000269639
0.0366357	4	1	4	164	0.000635713
0.036658	4	2	4	57	0.000595531
0.0366714	1	2	4	57	0.000233927
0.0367205	4	2	4	36	0.000283031
0.0367339	4	2	4	23	0.000233927
0.0367964	1	2	4	57	0.000233927
0.0368589	1	2	4	57	0.000233927
0.0368857	4	1	4	245	0.000635713
0.0369705	4	2	4	36	0.000283031
0.0369839	1	2	4	57	0.000233927
0.0370464	1	2	4	57	0.000233927
0.0370955	7	1	4	36	0.000283031
0.0371357	4	1	4	164	0.000635713
0.037158	4	2	4	57	0.000908031
0.0371714	1	2	4	57	0.000233927
0.0372205	4	2	4	57	0.000908031
0.0372339	4	2	4	57	0.000233927
0.037283	7	1	4	36	0.000283031
0.0372964	1	2	4	57	0.000233927
0.0373455	4	2	4	136	0.000595531
0.0373455	7	1	4	57	0.000908031
0.0373589	1	2	4	57	0.000233927
0.0373857	4	1	4	245	0.000635713
0.0374705	4	2	4	36	0.000283031
0.0374705	7	1	4	57	0.000908031
0.0374839	1	2	4	57	0.000233927
0.037533	7	1	4	57	0.000908031
0.0375464	1	2	4	57	0.000233927
0.0375598	7	1	4	114	0.000247319
0.0376357	4	1	4	164	0.000635713
0.0376714	1	2	4	57	0.000233927
0.0377205	4	2	4	57	0.000908031
0.0377205	7	1	4	216	0.000595531
0.0377339	4	2	4	57	0.000233927
0.0377964	1	2	4	57	0.000233927
0.0378455	4	2	4	136	0.000595531
0.0378589	1	2	4	57	0.000233927
0.0378857	4	1	4	245	0.000635713
0.0379705	4	2	4	36	0.000283031
0.0379839	1	2	4	57	0.000233927
0.038033	4	2	4	36	0.000283031
0.0380464	1	2	4	57	0.000233927
0.0380821	1	1	4	164	0.00208214
0.0380955	7	1	4	57	0.000595531
0.0381357	4	1	4	164	0.000635713
0.038158	7	1	4	57	0.000595531
0.0381714	1	2	4	57	0.000233927
0.0382205	4	2	4	57	0.000908031
0.0382339	4	2	4	57	0.000233927
0.038283	7	1	4	36	0.000283031
0.0382964	1	2	4	57	0.000233927
0.0383321	1	1	4	245	0.00208214
0.0383455	7	1	4	57	0.000595531
0.0383589	1	2	4	57	0.000233927
0.0383857	4	1	4	245	0.000635713
0.038408	4	2	4	159	0.000595531
0.038408	7	1	4	36	0.000283031
0.0384214	4	2	4	57	0.000233927
0.0384259	7	1	4	159	0.000238391
0.0384839	1	2	4	57	0.000233927
0.038533	7	1	4	57	0.000908031
0.0385464	1	2	4	57	0.000233927
0.0385598	7	1	4	114	0.000247319
0.0385821	1	1	4	164	0.00208214
0.0386357	4	1	4	164	0.000635713
0.0386714	1	2	4	57	0.000233927
0.0387205	4	2	4	57	0.000658031
0.0387339	4	2	4	57	0.000233927
0.0387964	1	2	4	57	0.000233927
0.0388321	1	1	4	245	0.00208214
0.0388455	4	2	4	57	0.000595531
0.0388589	1	2	4	57	0.000233927
0.0388857	4	1	4	245	0.000635713
0.0389705	4	2	4	36	0.000283031
0.0389839	1	2	4	57	0.000233927
0.039033	4	2	4	36	0.000283031
0.0390464	1	2	4	57	0.000233927
0.0390821	1	1	4	164	0.00208214
0.0390955	7	1	4	36	0.000283031
0.0391357	4	1	4	164	0.000635713
0.0391714	1	2	4	57	0.000233927
0.0392205	4	2	4	57	0.000908031
0.0392339	4	2	4	57	0.000233927
0.039283	7	1	4	36	0.000283031
0.0392964	1	1	4	1223	0.000796426
0.0392964	1	2	4	57	0.000233927
0.0393455	7	1	4	57	0.000908031
0.0393589	1	2	4	57	0.000233927
0.0393679	7	1	4	216	0.000242855
0.0393857	4	1	4	245	0.000635713
0.039408	4	2	4	159	0.000595531
0.0394214	4	2	4	57	0.000233927
0.0394705	7	1	4	57	0.000908031
0.0394839	1	2	4	57	0.000233927
0.039533	7	1	4	57	0.000908031
0.0395464	1	2	4	57	0.000233927
0.0395598	7	1	4	114	0.000247319
0.0396357	4	1	4	164	0.000635713
0.0396714	1	2	4	57	0.000233927
0.0397205	4	2	4	36	0.000283031
0.0397339	4	2	4	23	0.000233927
0.0397964	1	2	4	57	0.000233927
0.0398455	4	2	4	57	0.000595531
0.0398589	1	2	4	57	0.000233927
0.0398857	4	1	4	245	0.000635713
0.039908	4	2	4	57	0.000595531
0.0399705	4	2	4	57	0.000908031
0.0399839	1	2	4	57	0.000233927
0.0400464	1	2	4	57	0.000233927
0.0400955	7	1	4	36	0.000283031
0.0401357	4	1	4	164	0.000635713
0.040158	7	1	4	57	0.000595531
0.0401714	1	2	4	57	0.000233927
0.040283	7	1	4	36	0.000283031
0.0402964	1	2	4	57	0.000233927
0.0403455	4	2	4	170	0.000595531
0.0403455	7	1	4	57	0.000908031
0.0403589	1	2	4	57	0.000233927
0.0403857	4	1	4	245	0.000635713
0.040408	4	2	4	57	0.000595531
0.0404705	4	2	4	36	0.000283031
0.0404839	1	2	4	57	0.000233927
0.040533	7	1	4	57	0.000908031
0.0405464	1	2	4	57	0.000233927
0.0405955	4	2	4	36	0.000283031
0.0406357	4	1	4	164	0.000635713
0.040658	4	2	4	36	0.000283031
0.0406714	1	2	4	57	0.000233927
0.0406759	4	2	4	182	0.000238391
0.0407205	7	1	4	216	0.000595531
0.0407339	7	1	4	57	0.000233927
0.0407964	1	2	4	57	0.000233927
0.0408321	1	1	4	245	0.00208214
0.0408455	4	2	4	57	0.000908031
0.0408589	1	2	4	57	0.000233927
0.0408857	4	1	4	245	0.000635713
0.040908	7	1	4	114	0.000595531
0.0409705	7	1	4	36	0.000283031
0.0409839	1	2	4	57	0.000233927
0.041033	7	1	4	36	0.000283031
0.0410464	1	2	4	57	0.000233927
0.0410821	1	1	4	164	0.00208214
0.0411357	4	1	4	164	0.000635713
0.041158	7	1	4	57	0.000595531
0.0411714	1	2	4	57	0.000233927
0.0412205	4	2	4	114	0.000595531
0.0412205	7	1	4	36	0.000283031
0.041283	4	2	4	36	0.000283031
0.0412964	1	2	4	57	0.000233927
0.0413321	1	1	4	245	0.00208214
0.0413455	4	2	4	57	0.000595531
0.0413589	1	2	4	57	0.000233927
0.0413857	4	1	4	245	0.000635713
0.041408	4	2	4	57	0.000595531
0.0414705	4	2	4	36	0.000283031
0.0414705	7	1	4	36	0.000283031
0.0414839	1	2	4	57	0.000233927
0.041533	4	2	4	36	0.000283031
0.0415464	1	2	4	57	0.000233927
0.0415509	4	2	4	182	0.000238391
0.0415821	1	1	4	164	0.00208214
0.0415955	7	1	4	23	0.000595531
0.0416357	4	1	4	164	0.000635713
0.041658	7	1	4	57	0.000595531
0.0416714	1	2	4	57	0.000233927
0.0417205	7	1	4	103	0.000908031
0.0417473	7	1	4	114	0.000247319
0.0417964	1	2	4	57	0.000233927
0.0418321	1	1	4	245	0.00208214
0.0418455	7	1	4	80	0.000595531
0.0418589	1	2	4	57	0.000233927
0.0418857	4	1	4	245	0.000635713
0.041908	7	1	4	36	0.000283031
0.0419214	7	1	4	80	0.000233927
0.0419839	1	2	4	57	0.000233927
0.042033	4	2	4	57	0.000595531
0.0420464	1	1	4	1223	0.000796426
0.0420464	1	2	4	57	0.000233927
0.0420955	4	2	4	36	0.000283031
0.0421357	4	1	4	164	0.000635713
0.042158	4	2	4	57	0.000595531
0.0421714	1	2	4	57	0.000233927
0.0422205	4	2	4	57	0.000595531
0.042283	4	2	4	36	0.000283031
0.0422964	1	2	4	57	0.000233927
0.0423455	4	2	4	36	0.000283031
0.0423589	1	2	4	57	0.000233927
0.0423634	4	2	4	182	0.000238391
0.0423857	4	1	4	245	0.000635713
0.042408	7	1	4	57	0.000595531
0.0424705	7	1	4	36	0.000283031
0.0424839	1	2	4	57	0.000233927
0.042533	7	1	4	57	0.000595531
0.0425464	1	2	4	57	0.000233927
0.0425955	7	1	4	36	0.000283031
0.0426357	4	1	4	164	0.000635713
0.042658	7	1	4	57	0.000908031
0.0426714	1	2	4	57	0.000233927
0.0426804	7	1	4	216	0.000242855
0.0427964	1	2	4	57	0.000233927
0.0428455	4	2	4	57	0.000595531
0.0428589	1	2	4	57	0.000233927
0.0428857	4	1	4	245	0.000635713
0.0429705	4	2	4	36	0.000283031
0.0429839	1	2	4	57	0.000233927
0.043033	4	2	4	57	0.000595531
0.0430464	1	2	4	57	0.000233927
0.0430955	4	2	4	36	0.000283031
0.0431357	4	1	4	164	0.000635713
0.043158	4	2	4	36	0.000283031
0.0431714	1	2	4	57	0.000233927
0.0432205	4	2	4	57	0.000908031
0.0432384	4	2	4	182	0.000238391
0.043283	7	1	4	36	0.000283031
0.0432964	1	2	4	57	0.000233927
0.0433455	7	1	4	57	0.000595531
0.0433589	1	2	4	57	0.000233927
0.0433857	4	1	4	245	0.000635713
0.043408	7	1	4	57	0.000595531
0.0434705	7	1	4	57	0.000908031
0.0434839	1	2	4	57	0.000233927
0.043533	7	1	4	57	0.000908031
0.0435464	1	2	4	57	0.000233927
0.0435777	7	1	4	249	0.000265175
0.0435821	1	1	4	164	0.00208214
0.0436357	4	1	4	164	0.000635713
0.0436714	1	2	4	57	0.000233927
0.0437205	4	2	4	57	0.000658031
0.0437964	1	2	4	57	0.000233927
0.0438321	1	1	4	245	0.00208214
0.0438455	4	2	4	57	0.000595531
0.0438589	1	2	4	57	0.000233927
0.0438857	4	1	4	245	0.000635713
0.0439705	4	2	4	36	0.000283031
0.0439839	1	2	4	57	0.000233927
0.044033	4	2	4	36	0.000283031
0.0440464	1	2	4	57	0.000233927
0.0440821	1	1	4	164	0.00208214
0.0440955	4	2	4	57	0.000970531
0.0440955	7	1	4	36	0.000283031
0.0441134	4	2	4	216	0.000238391
0.0441357	4	1	4	164	0.000635713
0.044158	7	1	4	57	0.000595531
0.0441714	1	2	4	57	0.000233927
0.0442205	4	2	4	57	0.000908031
0.0442339	4	2	4	57	0.000233927
0.044283	7	1	4	36	0.000283031
0.0442964	1	2	4	57	0.000233927
0.0443321	1	1	4	245	0.00208214
0.0443455	7	1	4	57	0.000908031
0.0443589	1	2	4	57	0.000233927
0.0443679	7	1	4	216	0.000242855
0.0443857	4	1	4	245	0.000635713
0.0444839	1	2	4	57	0.000233927
0.044533	7	1	4	57	0.000908031
0.0445464	1	2	4	57	0.000233927
0.0445598	7	1	4	114	0.000247319
0.0445821	1	1	4	164	0.00208214
0.0446357	4	1	4	164	0.000635713
0.0446714	1	2	4	57	0.000233927
0.0447205	4	2	4	57	0.000595531
0.044783	4	2	4	36	0.000283031
0.0447964	1	1	4	1223	0.000796426
0.0447964	1	2	4	57	0.000233927
0.0448455	4	2	4	57	0.000595531
0.0448589	1	2	4	57	0.000233927
0.0448857	4	1	4	245	0.000635713
0.0449705	4	2	4	57	0.000908031
0.0449839	1	2	4	57	0.000233927
0.045033	7	1	4	57	0.000595531
0.0450464	1	2	4	57	0.000233927
0.0450955	7	1	4	36	0.000283031
0.0451357	4	1	4	164	0.000635713
0.045158	7	1	4	57	0.000595531
0.0451714	1	2	4	57	0.000233927
0.0452205	4	2	4	57	0.000908031
0.0452339	4	2	4	57	0.000233927
0.045283	7	1	4	36	0.000283031
0.0452964	1	2	4	57	0.000233927
0.0453455	4	2	4	193	0.000595531
0.0453455	7	1	4	36	0.000283031
0.0453589	1	2	4	57	0.000233927
0.0453857	4	1	4	245	0.000635713
0.045408	4	2	4	57	0.000595531
0.0454705	4	2	4	36	0.000283031
0.0454839	1	2	4	57	0.000233927
0.045533	4	2	4	36	0.000283031
0.045533	7	1	4	57	0.000908031
0.0455464	1	2	4	57	0.000233927
0.0455598	7	1	4	114	0.000247319
0.0456357	4	1	4	164	0.000635713
0.0456714	1	2	4	57	0.000233927
0.0457205	7	1	4	182	0.000595531
0.0457339	7	1	4	57	0.000233927
0.0457964	1	2	4	57	0.000233927
0.0458589	1	2	4	57	0.000233927
0.0458857	4	1	4	245	0.000635713
0.045908	4	2	4	159	0.000595531
0.0459214	4	2	4	57	0.000233927
0.0459839	1	2	4	57	0.000233927
0.0460464	1	2	4	57	0.000233927
0.0460955	4	2	4	36	0.000283031
0.0461357	4	1	4	164	0.000635713
0.0461714	1	2	4	57	0.000233927
0.0462205	4	2	4	36	0.000283031
0.0462205	7	1	4	57	0.000595531
0.0462339	4	2	4	103	0.000233927
0.046283	7	1	4	36	0.000283031
0.0462964	1	2	4	57	0.000233927
0.0463321	1	1	4	245	0.00208214
0.0463455	4	2	4	57	0.000908031
0.0463589	1	2	4	57	0.000233927
0.0463857	4	1	4	245	0.000635713
0.046408	7	1	4	57	0.000595531
0.0464705	4	2	4	57	0.000908031
0.0464839	1	2	4	57	0.000233927
0.0465018	7	1	4	193	0.000251783
0.0465464	1	2	4	57	0.000233927
0.0465821	1	1	4	164	0.00208214
0.0466357	4	1	4	164	0.000635713
0.046658	7	1	4	57	0.000908031
0.0466714	1	2	4	57	0.000233927
0.0466759	7	1	4	57	0.000238391
0.046783	4	2	4	36	0.000283031
0.046783	7	1	4	57	0.00122053
0.0467964	1	2	4	57	0.000233927
0.0468009	7	1	4	57	0.000238391
0.0468321	1	1	4	245	0.00208214
0.0468589	1	2	4	57	0.000233927
0.0468857	4	1	4	245	0.000635713
0.046908	4	2	4	57	0.000595531
0.0469705	4	2	4	36	0.000283031
0.0469705	7	1	4	36	0.000283031
0.0469839	1	2	4	57	0.000233927
0.047033	4	2	4	114	0.000908031
0.0470464	1	2	4	57	0.000233927
0.0470509	4	2	4	216	0.000238391
0.0470821	1	1	4	164	0.00208214
0.0471357	4	1	4	164	0.000635713
0.047158	4	2	4	57	0.000908031
0.0471714	1	2	4	57	0.000233927
0.0472205	7	1	4	57	0.000908031
0.0472384	7	1	4	57	0.000238391
0.0472964	1	2	4	57	0.000233927
0.0473321	1	1	4	245	0.00208214
0.0473455	7	1	4	80	0.000595531
0.0473589	1	2	4	57	0.000233927
0.0473857	4	1	4	245	0.000635713
0.047408	7	1	4	57	0.000595531
0.0474705	7	1	4	36	0.000283031
0.0474839	1	2	4	57	0.000233927
0.047533	7	1	4	36	0.000283031
0.0475464	1	1	4	1223	0.000796426
0.0475464	1	2	4	57	0.000233927
0.0475955	4	2	4	36	0.000283031
0.0476357	4	1	4	164	0.000635713
0.0476714	1	2	4	57	0.000233927
0.047783	4	2	4	36	0.000283031
0.0477964	1	2	4	57	0.000233927
0.0478455	4	2	4	57	0.000908031
0.0478589	1	2	4	57	0.000233927
0.0478857	4	1	4	245	0.000635713
0.047908	7	1	4	159	0.000595531
0.0479259	7	1	4	57	0.000238391
0.0479705	4	2	4	57	0.000908031
0.0479839	1	2	4	57	0.000233927
0.048033	4	2	4	57	0.000908031
0.0480464	1	2	4	57	0.000233927
0.0480955	7	1	4	36	0.000283031
0.0481357	4	1	4	164	0.000635713
0.048158	7	1	4	57	0.000595531
0.0481714	1	2	4	57	0.000233927
0.0482205	4	2	4	216	0.000595531
0.0482205	7	1	4	36	0.000283031
0.0482339	4	2	4	57	0.000233927
0.0482964	1	2	4	57	0.000233927
0.0483455	7	1	4	57	0.000908031
0.0483589	1	2	4	57	0.000233927
0.0483723	7	1	4	114	0.000247319
0.0483857	4	1	4	245	0.000635713
0.0484661	4	2	4	32	0.000278567
0.0484839	1	2	4	57	0.000233927
0.048533	4	2	4	36	0.000283031
0.0485464	1	2	4	57	0.000233927
0.0485955	7	1	4	103	0.000595531
0.0486134	7	1	4	57	0.000238391
0.0486357	4	1	4	164	0.000635713
0.0486714	1	2	4	57	0.000233927
0.0487205	4	2	4	114	0.000908031
0.048783	4	2	4	57	0.000720531
0.0487964	1	2	4	57	0.000233927
0.0488455	7	1	4	57	0.000595531
0.0488589	1	2	4	57	0.000233927
0.0488857	4	1	4	245	0.000635713
0.048908	7	1	4	36	0.000283031
0.0489705	4	2	4	36	0.000283031
0.0489839	1	2	4	57	0.000233927
0.049033	4	2	4	36	0.000283031
0.0490464	1	2	4	57	0.000233927
0.0490821	1	1	4	164	0.00208214
0.0490955	7	1	4	36	0.000283031
0.0491357	4	1	4	164	0.000635713
0.049158	7	1	4	36	0.000283031
0.0491714	1	2	4	57	0.000233927
0.0492205	4	2	4	107	0.000908031
0.0492339	4	2	4	57	0.000233927
0.049283	7	1	4	80	0.000595531
0.0492964	1	2	4	57	0.000233927
0.0493321	1	1	4	245	0.00208214
0.0493455	7	1	4	57	0.000908031
0.0493589	1	2	4	57	0.000233927
0.0493634	7	1	4	114	0.000238391
0.0493857	4	1	4	245	0.000635713
0.0494705	4	2	4	114	0.000908031
0.0494839	1	2	4	57	0.000233927
0.049533	7	1	4	103	0.000595531
0.0495464	1	2	4	57	0.000233927
0.0495821	1	1	4	164	0.00208214
0.0495955	7	1	4	36	0.000283031
0.0496357	4	1	4	164	0.000635713
0.0496714	1	2	4	57	0.000233927
0.0497205	4	2	4	103	0.000908031
0.0497339	4	2	4	57	0.000233927
0.0497964	1	2	4	57	0.000233927
0.0498321	1	1	4	245	0.00208214
0.0498589	1	2	4	57	0.000233927
0.0498857	4	1	4	245	0.000635713
0.0499705	4	2	4	57	0.000908031
0.0499705	7	1	4	80	0.000595531
0.0499839	1	2	4	57	0.000233927
0.0500464	1	2	4	57	0.000233927
0.0500821	1	1	4	164	0.00208214
0.0500955	7	1	4	36	0.000283031
0.0501357	4	1	4	164	0.000635713
0.050158	4	2	4	114	0.000908031
0.0501714	1	2	4	57	0.000233927
0.0502205	4	2	4	57	0.000908031
0.0502339	4	2	4	57	0.000233927
0.050283	7	1	4	36	0.000283031
0.0502964	1	1	4	1223	0.000796426
0.0502964	1	2	4	57	0.000233927
0.0503455	4	2	4	170	0.000595531
0.0503455	7	1	4	57	0.000908031
0.0503589	1	2	4	57	0.000233927
0.0503857	4	1	4	245	0.000635713
0.050408	4	2	4	57	0.000595531
0.0504661	7	1	4	57	0.000903567
0.0504705	4	2	4	36	0.000283031
0.0504839	1	2	4	57	0.000233927
0.050533	7	1	4	57	0.000908031
0.0505464	1	2	4	57	0.000233927
0.0505598	7	1	4	114	0.000247319
0.0506357	4	1	4	164	0.000635713
0.0506714	1	2	4	57	0.000233927
0.0507205	7	1	4	216	0.000595531
0.0507339	7	1	4	57	0.000233927
0.0507964	1	2	4	57	0.000233927
0.0508455	4	2	4	136	0.000595531
0.0508589	1	2	4	57	0.000233927
0.0508857	4	1	4	245	0.000635713
0.050908	4	2	4	57	0.000595531
0.0509705	4	2	4	36	0.000283031
0.0509839	1	2	4	57	0.000233927
0.051033	4	2	4	57	0.000595531
0.0510464	1	2	4	57	0.000233927
0.0510955	4	2	4	36	0.000283031
0.0511357	4	1	4	164	0.000635713
0.051158	4	2	4	36	0.000283031
0.051158	7	1	4	57	0.000595531
0.0511714	1	2	4	57	0.000233927
0.051283	7	1	4	36	0.000283031
0.0512964	1	2	4	57	0.000233927
0.0513589	1	2	4	57	0.000233927
0.0513857	4	1	4	245	0.000635713
0.0514705	7	1	4	36	0.000283031
0.0514839	1	2	4	57	0.000233927
0.051533	4	2	4	182	0.000595531
0.051533	7	1	4	57	0.000908031
0.0515464	1	2	4	57	0.000233927
0.0515509	4	2	4	114	0.000238391
0.0516357	4	1	4	164	0.000635713
0.051658	7	1	4	57	0.000908031
0.0516714	1	2	4	57	0.000233927
0.0517205	7	1	4	57	0.000908031
0.051783	4	2	4	36	0.000283031
0.0517964	1	2	4	57	0.000233927
0.0518321	1	1	4	245	0.00208214
0.0518455	4	2	4	36	0.000283031
0.0518589	1	2	4	57	0.000233927
0.0518857	4	1	4	245	0.000635713
0.051908	7	1	4	216	0.000595531
0.0519259	7	1	4	57	0.000238391
0.0519705	4	2	4	57	0.000908031
0.0519839	1	2	4	57	0.000233927
0.0519884	7	1	4	57	0.000238391
0.052033	4	2	4	57	0.000908031
0.0520464	1	2	4	57	0.000233927
0.0520821	1	1	4	164	0.00208214
0.0520955	7	1	4	57	0.000595531
0.0521357	4	1	4	164	0.000635713
0.052158	7	1	4	57	0.000595531
0.0521714	1	2	4	57	0.000233927
0.0522205	4	2	4	103	0.000595531
0.0522205	7	1	4	36	0.000283031
0.052283	4	2	4	36	0.000283031
0.0522964	1	2	4	57	0.000233927
0.0523321	1	1	4	245	0.00208214
0.0523589	1	2	4	57	0.000233927
0.0523857	4	1	4	245	0.000635713
0.052408	4	2	4	114	0.000595531
0.0524705	4	2	4	36	0.000283031
0.0524839	1	2	4	57	0.000233927
0.052533	4	2	4	36	0.000283031
0.0525464	1	2	4	57	0.000233927
0.0525821	1	1	4	164	0.00208214
0.0525955	7	1	4	80	0.000595531
0.0526357	4	1	4	164	0.000635713
0.0526714	1	2	4	57	0.000233927
0.0527205	4	2	4	36	0.000283031
0.0527205	7	1	4	57	0.000595531
0.0527339	4	2	4	23	0.000233927
0.052783	7	1	4	36	0.000283031
0.0527964	1	2	4	57	0.000233927
0.0528321	1	1	4	245	0.00208214
0.0528455	7	1	4	57	0.000595531
0.0528589	1	2	4	57	0.000233927
0.0528857	4	1	4	245	0.000635713
0.052908	4	2	4	103	0.000595531
0.052908	7	1	4	36	0.000283031
0.0529705	4	2	4	80	0.000908031
0.0529839	1	2	4	57	0.000233927
0.0530062	7	1	4	216	0.000256247
0.0530464	1	1	4	1223	0.000796426
0.0530464	1	2	4	57	0.000233927
0.0531357	4	1	4	164	0.000635713
0.0531714	1	2	4	57	0.000233927
0.0532205	4	2	4	36	0.000283031
0.0532339	4	2	4	23	0.000233927
0.053283	7	1	4	57	0.00122053
0.0532964	1	2	4	57	0.000233927
0.0533009	7	1	4	57	0.000238391
0.0533589	1	2	4	57	0.000233927
0.0533857	4	1	4	245	0.000635713
0.053408	4	2	4	57	0.000595531
0.0534661	4	2	4	57	0.000903567
0.0534705	7	1	4	36	0.000283031
0.0534839	1	2	4	57	0.000233927
0.053533	7	1	4	57	0.000595531
0.0535464	1	2	4	57	0.000233927
0.0535955	7	1	4	36	0.000283031
0.0536089	7	1	4	103	0.000233927
0.0536357	4	1	4	164	0.000635713
0.0536714	1	2	4	57	0.000233927
0.0537205	4	2	4	114	0.000970531
0.0537339	4	2	4	57	0.000233927
0.0537384	7	1	4	57	0.000238391
0.0537964	1	2	4	57	0.000233927
0.0538455	4	2	4	170	0.000595531
0.0538589	1	2	4	57	0.000233927
0.0538857	4	1	4	245	0.000635713
0.0539705	4	2	4	36	0.000283031
0.0539839	1	2	4	57	0.000233927
0.054033	4	2	4	36	0.000283031
0.054033	7	1	4	57	0.00122053
0.0540464	1	2	4	57	0.000233927
0.0540598	7	1	4	114	0.000247319
0.0541357	4	1	4	164	0.000635713
0.054158	7	1	4	57	0.000595531
0.0541714	1	2	4	57	0.000233927
0.0542205	4	2	4	57	0.000908031
0.0542339	4	2	4	57	0.000233927
0.054283	7	1	4	36	0.000283031
0.0542964	1	2	4	57	0.000233927
0.0543455	7	1	4	36	0.000283031
0.0543589	1	2	4	57	0.000233927
0.0543634	7	1	4	103	0.000238391
0.0543857	4	1	4	245	0.000635713
0.054408	4	2	4	159	0.000595531
0.0544214	4	2	4	57	0.000233927
0.0544839	1	2	4	57	0.000233927
0.054533	7	1	4	57	0.000908031
0.0545464	1	2	4	57	0.000233927
0.0545598	7	1	4	114	0.000247319
0.0545821	1	1	4	164	0.00208214
0.0546357	4	1	4	164	0.000635713
0.054658	4	2	4	57	0.000595531
0.0546714	1	2	4	57	0.000233927
0.0547205	4	2	4	36	0.000283031
0.0547339	4	2	4	23	0.000233927
0.0547964	1	2	4	57	0.000233927
0.0548321	1	1	4	245	0.00208214
0.0548455	4	2	4	57	0.000595531
0.0548589	1	2	4	57	0.000233927
0.0548857	4	1	4	245	0.000635713
0.054908	4	2	4	57	0.000595531
0.0549705	4	2	4	36	0.000283031
0.0549839	1	2	4	57	0.000233927
0.055033	7	1	4	57	0.000595531
0.0550464	1	2	4	57	0.000233927
0.0550821	1	1	4	164	0.00208214
0.0550955	7	1	4	36	0.000283031
0.0551357	4	1	4	164	0.000635713
0.055158	7	1	4	57	0.000595531
0.0551714	1	2	4	57	0.000233927
0.0552205	7	1	4	57	0.000595531
0.055283	7	1	4	36	0.000283031
0.0552964	1	2	4	57	0.000233927
0.0553321	1	1	4	245	0.00208214
0.0553455	4	2	4	136	0.000595531
0.0553455	7	1	4	36	0.000283031
0.0553589	1	2	4	57	0.000233927
0.0553857	4	1	4	245	0.000635713
0.055408	4	2	4	57	0.000595531
0.0554705	4	2	4	36	0.000283031
0.0554839	1	2	4	57	0.000233927
0.055533	4	2	4	57	0.000595531
0.0555464	1	2	4	57	0.000233927
0.0555821	1	1	4	164	0.00208214
0.0555955	4	2	4	36	0.000283031
0.0556357	4	1	4	164	0.000635713
0.055658	4	2	4	36	0.000283031
0.0556714	1	2	4	57	0.000233927
0.0557205	7	1	4	182	0.000595531
0.0557339	7	1	4	57	0.000233927
0.0557964	1	1	4	1223	0.000796426
0.0557964	1	2	4	57	0.000233927
0.0558455	7	1	4	57	0.000595531
0.0558589	1	2	4	57	0.000233927
0.0558857	4	1	4	245	0.000635713
0.055908	7	1	4	57	0.000595531
0.0559705	7	1	4	36	0.000283031
0.0559839	1	2	4	57	0.000233927
0.056033	4	2	4	182	0.000595531
0.056033	7	1	4	36	0.000283031
0.0560464	1	2	4	57	0.000233927
0.0560509	4	2	4	114	0.000238391
0.0561357	4	1	4	164	0.000635713
0.056158	4	2	4	57	0.000595531
0.0561714	1	2	4	57	0.000233927
0.056283	4	2	4	36	0.000283031
0.0562964	1	2	4	57	0.000233927
0.0563455	4	2	4	36	0.000283031
0.0563589	1	2	4	57	0.000233927
0.0563857	4	1	4	245	0.000635713
0.056408	7	1	4	159	0.000595531
0.0564259	7	1	4	57	0.000238391
0.0564839	1	2	4	57	0.000233927
0.056533	4	2	4	57	0.000908031
0.0565464	1	2	4	57	0.000233927
0.0565955	7	1	4	36	0.000283031
0.0566357	4	1	4	164	0.000635713
0.056658	7	1	4	57	0.000595531
0.0566714	1	2	4	57	0.000233927
0.0567205	4	2	4	103	0.000595531
0.0567205	7	1	4	36	0.000283031
0.056783	4	2	4	36	0.000283031
0.0567964	1	2	4	57	0.000233927
0.0568455	4	2	4	36	0.000283031
0.0568455	7	1	4	57	0.000908031
0.0568589	1	2	4	57	0.000233927
0.0568723	7	1	4	114	0.000247319
0.0568857	4	1	4	245	0.000635713
0.056908	4	2	4	114	0.000595531
0.0569705	4	2	4	36	0.000283031
0.0569839	1	2	4	57	0.000233927
0.057033	4	2	4	36	0.000283031
0.0570464	1	2	4	57	0.000233927
0.0570955	7	1	4	103	0.000595531
0.0571134	7	1	4	57	0.000238391
0.0571357	4	1	4	164	0.000635713
0.0571714	1	2	4	57	0.000233927
0.0572964	1	2	4	57	0.000233927
0.0573321	1	1	4	245	0.00208214
0.0573589	1	2	4	57	0.000233927
0.0573857	4	1	4	245	0.000635713
0.057408	4	2	4	148	0.000595531
0.057408	7	1	4	36	0.000283031
0.0574214	4	2	4	57	0.000233927
0.0574839	1	2	4	57	0.000233927
0.057533	4	2	4	57	0.000595531
0.0575464	1	2	4	57	0.000233927
0.0575821	1	1	4	164	0.00208214
0.0575955	4	2	4	36	0.000283031
0.0575955	7	1	4	36	0.000283031
0.0576357	4	1	4	164	0.000635713
0.057658	4	2	4	57	0.000595531
0.057658	7	1	4	57	0.000908031
0.0576714	1	2	4	57	0.000233927
0.0577205	4	2	4	36	0.000283031
0.0577339	4	2	4	103	0.000233927
0.057783	7	1	4	80	0.000595531
0.0577964	1	2	4	57	0.000233927
0.0578321	1	1	4	245	0.00208214
0.0578455	7	1	4	57	0.000908031
0.0578589	1	2	4	57	0.000233927
0.0578723	7	1	4	114	0.000247319
0.0578857	4	1	4	245	0.000635713
0.0579839	1	2	4	57	0.000233927
0.058033	7	1	4	136	0.000595531
0.0580464	1	2	4	57	0.000233927
0.0580598	7	1	4	114	0.000247319
0.0580821	1	1	4	164	0.00208214
0.0581357	4	1	4	164	0.000635713
0.0581714	1	2	4	57	0.000233927
0.0582205	4	2	4	57	0.000595531
0.058283	4	2	4	36	0.000283031
0.0582964	1	2	4	57	0.000233927
0.0583321	1	1	4	245	0.00208214
0.0583455	4	2	4	57	0.000595531
0.0583589	1	2	4	57	0.000233927
0.0583857	4	1	4	245	0.000635713
0.0584661	4	2	4	57	0.000903567
0.0584839	1	2	4	57	0.000233927
0.058533	7	1	4	57	0.000595531
0.0585464	1	1	4	1223	0.000796426
0.0585464	1	2	4	57	0.000233927
0.0585955	7	1	4	36	0.000283031
0.0586357	4	1	4	164	0.000635713
0.058658	7	1	4	57	0.000595531
0.0586714	1	2	4	57	0.000233927
0.0587205	4	2	4	57	0.000908031
0.0587339	4	2	4	57	0.000233927
0.058783	7	1	4	36	0.000283031
0.0587964	1	2	4	57	0.000233927
0.0588455	4	2	4	193	0.000595531
0.0588455	7	1	4	36	0.000283031
0.0588589	1	2	4	57	0.000233927
0.0588857	4	1	4	245	0.000635713
0.0589705	4	2	4	36	0.000283031
0.0589839	1	2	4	57	0.000233927
0.059033	4	2	4	36	0.000283031
0.059033	7	1	4	57	0.000908031
0.0590464	1	2	4	57	0.000233927
0.0590598	7	1	4	114	0.000247319
0.0591357	4	1	4	164	0.000635713
0.0591714	1	2	4	57	0.000233927
0.0592205	4	2	4	57	0.000908031
0.0592205	7	1	4	182	0.000595531
0.0592339	4	2	4	57	0.000233927
0.0592964	1	2	4	57	0.000233927
0.0593589	1	2	4	57	0.000233927
0.0593857	4	1	4	245	0.000635713
0.059408	4	2	4	159	0.000595531
0.0594214	4	2	4	57	0.000233927
0.0594839	1	2	4	57	0.000233927
0.0595464	1	2	4	57	0.000233927
0.0595955	7	1	4	57	0.000595531
0.0596357	4	1	4	164	0.000635713
0.0596714	1	2	4	57	0.000233927
0.0597205	4	2	4	36	0.000283031
0.0597205	7	1	4	57	0.000595531
0.0597339	4	2	4	23	0.000233927
0.059783	7	1	4	36	0.000283031
0.0597964	1	2	4	57	0.000233927
0.0598455	4	2	4	57	0.000595531
0.0598589	1	2	4	57	0.000233927
0.0598857	4	1	4	245	0.000635713
0.059908	7	1	4	36	0.000283031
0.0599705	4	2	4	57	0.000908031
0.0599839	1	2	4	57	0.000233927
0.0600062	7	1	4	216	0.000256247
0.0600464	1	2	4	57	0.000233927
0.0600821	1	1	4	164	0.00208214
0.0601357	4	1	4	164	0.000635713
0.060158	7	1	4	57	0.000908031
0.0601714	1	2	4	57	0.000233927
0.0601759	7	1	4	57	0.000238391
0.0602205	4	2	4	57	0.000908031
0.0602339	4	2	4	57	0.000233927
0.060283	7	1	4	57	0.00122053
0.0602964	1	2	4	57	0.000233927
0.0603009	7	1	4	57	0.000238391
0.0603321	1	1	4	245	0.00208214
0.0603455	4	2	4	170	0.000595531
0.0603589	1	2	4	57	0.000233927
0.0603857	4	1	4	245	0.000635713
0.060408	4	2	4	57	0.000595531
0.0604661	7	1	4	32	0.000278567
0.0604705	4	2	4	36	0.000283031
0.0604839	1	2	4	57	0.000233927
0.060533	4	2	4	36	0.000283031
0.0605464	1	2	4	57	0.000233927
0.0605509	4	2	4	159	0.000238391
0.0605821	1	1	4	164	0.00208214
0.0606357	4	1	4	164	0.000635713
0.0606714	1	2	4	57	0.000233927
0.0607205	7	1	4	57	0.000908031
0.0607384	7	1	4	57	0.000238391
0.0607964	1	2	4	57	0.000233927
0.0608321	1	1	4	245	0.00208214
0.0608589	1	2	4	57	0.000233927
0.0608857	4	1	4	245	0.000635713
0.060908	7	1	4	57	0.000595531
0.0609705	7	1	4	36	0.000283031
0.0609839	1	2	4	57	0.000233927
0.061033	4	2	4	57	0.000595531
0.061033	7	1	4	36	0.000283031
0.0610464	1	2	4	57	0.000233927
0.0610821	1	1	4	164	0.00208214
0.0610955	4	2	4	36	0.000283031
0.0611357	4	1	4	164	0.000635713
0.061158	7	1	4	84	0.000908031
0.0611714	1	2	4	57	0.000233927
0.061283	4	2	4	36	0.000283031
0.0612964	1	1	4	1223	0.000796426
0.0612964	1	2	4	57	0.000233927
0.0613455	4	2	4	36	0.000283031
0.0613589	1	2	4	57	0.000233927
0.0613857	4	1	4	245	0.000635713
0.061408	7	1	4	159	0.000595531
0.0614259	7	1	4	57	0.000238391
0.0614705	4	2	4	57	0.000908031
0.0614839	1	2	4	57	0.000233927
0.061533	4	2	4	57	0.000908031
0.0615464	1	2	4	57	0.000233927
0.0615955	7	1	4	36	0.000283031
0.0616357	4	1	4	164	0.000635713
0.0616714	1	2	4	57	0.000233927
0.0617205	4	2	4	182	0.000595531
0.0617205	7	1	4	36	0.000283031
0.0617339	4	2	4	57	0.000233927
0.0617964	1	2	4	57	0.000233927
0.0618455	7	1	4	57	0.000908031
0.0618589	1	2	4	57	0.000233927
0.0618723	7	1	4	114	0.000247319
0.0618857	4	1	4	245	0.000635713
0.0619705	4	2	4	36	0.000283031
0.0619705	7	1	4	57	0.000908031
0.0619839	1	2	4	57	0.000233927
0.062033	4	2	4	36	0.000283031
0.0620464	1	2	4	57	0.000233927
0.0620955	7	1	4	103	0.000595531
0.0621134	7	1	4	57	0.000238391
0.0621357	4	1	4	164	0.000635713
0.0621714	1	2	4	57	0.000233927
0.0622205	4	2	4	114	0.000908031
0.0622339	4	2	4	57	0.000233927
0.0622964	1	2	4	57	0.000233927
0.0623455	7	1	4	57	0.000595531
0.0623589	1	2	4	57	0.000233927
0.0623857	4	1	4	245	0.000635713
0.062408	4	2	4	103	0.000595531
0.062408	7	1	4	36	0.000283031
0.0624705	4	2	4	57	0.000908031
0.0624839	1	2	4	57	0.000233927
0.062533	7	1	4	57	0.000595531
0.0625464	1	2	4	57	0.000233927
0.0625955	7	1	4	36	0.000283031
0.0626357	4	1	4	164	0.000635713
0.062658	4	2	4	57	0.000595531
0.062658	7	1	4	36	0.000283031
0.0626714	1	2	4	57	0.000233927
0.0627205	4	2	4	36	0.000283031
0.0627339	4	2	4	23	0.000233927
0.062783	7	1	4	80	0.000595531
0.0627964	1	2	4	57	0.000233927
0.0628321	1	1	4	245	0.00208214
0.0628455	4	2	4	114	0.000595531
0.0628589	1	2	4	57	0.000233927
0.0628857	4	1	4	245	0.000635713
0.0629705	4	2	4	36	0.000283031
0.0629839	1	2	4	57	0.000233927
0.0630464	1	2	4	57	0.000233927
0.0630821	1	1	4	164	0.00208214
0.0630955	7	1	4	36	0.000283031
0.0631357	4	1	4	164	0.000635713
0.063158	7	1	4	57	0.000595531
0.0631714	1	2	4	57	0.000233927
0.0632205	4	2	4	57	0.000908031
0.0632339	4	2	4	57	0.000233927
0.063283	7	1	4	36	0.000283031
0.0632964	1	2	4	57	0.000233927
0.0633321	1	1	4	245	0.00208214
0.0633455	4	2	4	136	0.000595531
0.0633455	7	1	4	103	0.000908031
0.0633589	1	2	4	57	0.000233927
0.0633857	4	1	4	245	0.000635713
0.0634661	4	2	4	32	0.000278567
0.0634839	1	2	4	57	0.000233927
0.063533	4	2	4	36	0.000283031
0.063533	7	1	4	57	0.000908031
0.0635464	1	2	4	57	0.000233927
0.0635598	7	1	4	114	0.000247319
0.0635821	1	1	4	164	0.00208214
0.0636357	4	1	4	164	0.000635713
0.0636714	1	2	4	57	0.000233927
0.0637205	4	2	4	57	0.000908031
0.0637205	7	1	4	216	0.000595531
0.0637339	4	2	4	57	0.000233927
0.0637964	1	2	4	57	0.000233927
0.0638321	1	1	4	245	0.00208214
0.0638589	1	2	4	57	0.000233927
0.0638857	4	1	4	245	0.000635713
0.063908	4	2	4	163	0.000595531
0.0639214	4	2	4	57	0.000233927
0.0639839	1	2	4	57	0.000233927
0.0640464	1	1	4	1223	0.000796426
0.0640464	1	2	4	57	0.000233927
0.0640955	7	1	4	57	0.000595531
0.0641357	4	1	4	164	0.000635713
0.0641714	1	2	4	57	0.000233927
0.0642205	4	2	4	36	0.000283031
0.0642205	7	1	4	57	0.000595531
0.0642339	4	2	4	23	0.000233927
0.064283	7	1	4	36	0.000283031
0.0642964	1	2	4	57	0.000233927
0.0643455	4	2	4	57	0.000595531
0.0643589	1	2	4	57	0.000233927
0.0643857	4	1	4	245	0.000635713
0.064408	7	1	4	36	0.000283031
0.0644705	4	2	4	57	0.000908031
0.0644705	7	1	4	57	0.000908031
0.0644839	1	2	4	57	0.000233927
0.0645062	7	1	4	216	0.000256247
0.0645464	1	2	4	57	0.000233927
0.0646357	4	1	4	164	0.000635713
0.064658	7	1	4	57	0.000908031
0.0646714	1	2	4	57	0.000233927
0.0646759	7	1	4	57	0.000238391
0.0647205	4	2	4	57	0.000908031
0.0647339	4	2	4	57	0.000233927
0.0647964	1	2	4	57	0.000233927
0.0648009	7	1	4	57	0.000238391
0.0648455	4	2	4	170	0.000595531
0.0648589	1	2	4	57	0.000233927
0.0648857	4	1	4	245	0.000635713
0.064908	4	2	4	57	0.000595531
0.0649705	4	2	4	36	0.000283031
0.0649705	7	1	4	36	0.000283031
0.0649839	1	2	4	57	0.000233927
0.065033	4	2	4	36	0.000283031
0.0650464	1	2	4	57	0.000233927
0.0650509	4	2	4	159	0.000238391
0.0651357	4	1	4	164	0.000635713
0.0651714	1	2	4	57	0.000233927
0.0652205	7	1	4	57	0.000908031
0.0652384	7	1	4	57	0.000238391
0.0652964	1	2	4	57	0.000233927
0.0653589	1	2	4	57	0.000233927
0.0653857	4	1	4	245	0.000635713
0.065408	7	1	4	57	0.000595531
0.0654661	7	1	4	32	0.000278567
0.0654839	1	2	4	57	0.000233927
0.065533	7	1	4	36	0.000283031
0.0655464	1	2	4	57	0.000233927
0.0655821	1	1	4	164	0.00208214
0.0655955	4	2	4	36	0.000283031
0.0656357	4	1	4	164	0.000635713
0.0656714	1	2	4	57	0.000233927
0.0657205	7	1	4	80	0.000970531
0.065783	4	2	4	36	0.000283031
0.0657964	1	2	4	57	0.000233927
0.0658321	1	1	4	245	0.00208214
0.0658455	4	2	4	57	0.000908031
0.0658589	1	2	4	57	0.000233927
0.0658857	4	1	4	245	0.000635713
0.065908	7	1	4	163	0.000595531
0.0659259	7	1	4	57	0.000238391
0.0659705	4	2	4	57	0.000908031
0.0659839	1	2	4	57	0.000233927
0.0659884	7	1	4	57	0.000238391
0.066033	4	2	4	57	0.000908031
0.0660464	1	2	4	57	0.000233927
0.0660821	1	1	4	164	0.00208214
0.0660955	7	1	4	57	0.000595531
0.0661357	4	1	4	164	0.000635713
0.066158	7	1	4	57	0.000595531
0.0661714	1	2	4	57	0.000233927
0.0662205	4	2	4	216	0.000595531
0.0662205	7	1	4	36	0.000283031
0.0662339	4	2	4	57	0.000233927
0.0662964	1	2	4	57	0.000233927
0.0663321	1	1	4	245	0.00208214
0.0663589	1	2	4	57	0.000233927
0.0663857	4	1	4	245	0.000635713
0.0664705	4	2	4	36	0.000283031
0.0664839	1	2	4	57	0.000233927
0.066533	4	2	4	36	0.000283031
0.0665464	1	2	4	57	0.000233927
0.0665821	1	1	4	164	0.00208214
0.0665955	7	1	4	80	0.000595531
0.0666357	4	1	4	164	0.000635713
0.0666714	1	2	4	57	0.000233927
0.0667205	4	2	4	114	0.000908031
0.0667339	4	2	4	57	0.000233927
0.066783	7	1	4	36	0.000283031
0.0667964	1	1	4	1223	0.000796426
0.0667964	1	2	4	57	0.000233927
0.0668589	1	2	4	57	0.000233927
0.0668857	4	1	4	245	0.000635713
0.066908	7	1	4	36	0.000283031
0.0669705	4	2	4	57	0.000908031
0.0669839	1	2	4	57	0.000233927
0.067033	7	1	4	57	0.000908031
0.0670464	1	2	4	57	0.000233927
0.0670821	7	1	4	272	0.000269639
0.0671357	4	1	4	164	0.000635713
0.067158	7	1	4	57	0.000908031
0.0671714	1	2	4	57	0.000233927
0.0672205	4	2	4	103	0.000908031
0.0672339	4	2	4	57	0.000233927
0.067283	7	1	4	57	0.00122053
0.0672964	1	2	4	57	0.000233927
0.0673009	7	1	4	57	0.000238391
0.0673455	4	2	4	114	0.000595531
0.0673589	1	2	4	57	0.000233927
0.0673857	4	1	4	245	0.000635713
0.0674705	4	2	4	57	0.000908031
0.0674839	1	2	4	57	0.000233927
0.067533	7	1	4	57	0.000595531
0.0675464	1	2	4	57	0.000233927
0.0675955	7	1	4	36	0.000283031
0.0676089	7	1	4	80	0.000233927
0.0676357	4	1	4	164	0.000635713
0.0676714	1	2	4	57	0.000233927
0.0677205	4	2	4	57	0.000908031
0.0677339	4	2	4	57	0.000233927
0.067783	7	1	4	36	0.000283031
0.0677964	1	2	4	57	0.000233927
0.0678455	4	2	4	170	0.000595531
0.0678455	7	1	4	36	0.000283031
0.0678589	1	2	4	57	0.000233927
0.0678857	4	1	4	245	0.000635713
0.067908	4	2	4	57	0.000595531
0.0679705	4	2	4	36	0.000283031
0.0679839	1	2	4	57	0.000233927
0.068033	4	2	4	36	0.000283031
0.068033	7	1	4	57	0.000908031
0.0680464	1	2	4	57	0.000233927
0.0680598	7	1	4	114	0.000247319
0.0681357	4	1	4	164	0.000635713
0.0681714	1	2	4	57	0.000233927
0.0682205	7	1	4	103	0.000595531
0.068283	7	1	4	36	0.000283031
0.0682964	1	2	4	57	0.000233927
0.0683321	1	1	4	245	0.00208214
0.0683455	7	1	4	36	0.000283031
0.0683589	1	2	4	57	0.000233927
0.0683634	7	1	4	103	0.000238391
0.0683857	4	1	4	245	0.000635713
0.068408	4	2	4	159	0.000595531
0.0684214	4	2	4	57	0.000233927
0.0684839	1	2	4	57	0.000233927
0.068533	4	2	4	57	0.000595531
0.0685464	1	2	4	57	0.000233927
0.0685821	1	1	4	164	0.00208214
0.0685955	4	2	4	36	0.000283031
0.0686357	4	1	4	164	0.000635713
0.068658	4	2	4	36	0.000283031
0.0686714	1	2	4	57	0.000233927
0.0687339	4	2	4	103	0.000233927
0.0687964	1	2	4	57	0.000233927
0.0688321	1	1	4	245	0.00208214
0.0688455	7	1	4	57	0.000595531
0.0688589	1	2	4	57	0.000233927
0.0688857	4	1	4	245	0.000635713
0.068908	7	1	4	57	0.000595531
0.0689705	7	1	4	36	0.000283031
0.0689839	1	2	4	57	0.000233927
0.069033	4	2	4	57	0.000970531
0.0690464	1	2	4	57	0.000233927
0.0690821	1	1	4	164	0.00208214
0.0690955	7	1	4	36	0.000283031
0.0691357	4	1	4	164	0.000635713
0.069158	7	1	4	36	0.000283031
0.0691714	1	2	4	57	0.000233927
0.069283	4	2	4	36	0.000283031
0.0692964	1	2	4	57	0.000233927
0.0693321	1	1	4	245	0.00208214
0.0693455	4	2	4	36	0.000283031
0.0693455	7	1	4	57	0.000908031
0.0693589	1	2	4	57	0.000233927
0.0693723	7	1	4	114	0.000247319
0.0693857	4	1	4	245	0.000635713
0.0694705	4	2	4	57	0.000908031
0.0694839	1	2	4	57	0.000233927
0.069533	4	2	4	57	0.000908031
0.069533	7	1	4	182	0.000595531
0.0695464	1	1	4	1223	0.000796426
0.0695464	1	2	4	57	0.000233927
0.0696357	4	1	4	164	0.000635713
0.0696714	1	2	4	57	0.000233927
0.0697205	4	2	4	114	0.000908031
0.0697339	4	2	4	57	0.000233927
0.0697964	1	2	4	57	0.000233927
0.0698589	1	2	4	57	0.000233927
0.0698857	4	1	4	245	0.000635713
0.069908	4	2	4	216	0.000595531
0.069908	7	1	4	114	0.000595531
0.0699214	4	2	4	57	0.000233927
0.0699259	7	1	4	57	0.000238391
0.0699839	1	2	4	57	0.000233927
0.070033	7	1	4	57	0.000595531
0.0700464	1	2	4	57	0.000233927
0.0700955	7	1	4	36	0.000283031
0.0701357	4	1	4	164	0.000635713
0.0701714	1	2	4	57	0.000233927
0.0702205	4	2	4	36	0.000283031
0.0702205	7	1	4	36	0.000283031
0.0702339	4	2	4	23	0.000233927
0.0702429	7	1	4	103	0.000242855
0.0702964	1	2	4	57	0.000233927
0.0703455	4	2	4	57	0.000595531
0.0703589	1	2	4	57	0.000233927
0.0703857	4	1	4	245	0.000635713
0.0704661	7	1	4	57	0.000903567
0.0704705	4	2	4	57	0.000908031
0.0704839	1	2	4	57	0.000233927
0.0705464	1	2	4	57	0.000233927
0.0705509	7	1	4	57	0.000238391
0.0706357	4	1	4	164	0.000635713
0.0706714	1	2	4	57	0.000233927
0.0707205	4	2	4	57	0.000908031
0.0707339	4	2	4	57	0.000233927
0.070783	7	1	4	57	0.000658031
0.0707964	1	2	4	57	0.000233927
0.0708455	4	2	4	170	0.000595531
0.0708455	7	1	4	57	0.000595531
0.0708589	1	2	4	57	0.000233927
0.0708812	7	1	4	170	0.000256247
0.0708857	4	1	4	245	0.000635713
0.0709705	4	2	4	36	0.000283031
0.0709839	1	2	4	57	0.000233927
0.071033	4	2	4	36	0.000283031
0.071033	7	1	4	57	0.000970531
0.0710464	1	2	4	57	0.000233927
0.0710598	7	1	4	114	0.000247319
0.0710821	1	1	4	164	0.00208214
0.0711357	4	1	4	164	0.000635713
0.0711714	1	2	4	57	0.000233927
0.0711759	7	1	4	57	0.000238391
0.0712205	4	2	4	57	0.000908031
0.0712339	4	2	4	57	0.000233927
0.0712964	1	2	4	57	0.000233927
0.0713321	1	1	4	245	0.00208214
0.0713589	1	2	4	57	0.000233927
0.0713857	4	1	4	245	0.000635713
0.071408	4	2	4	159	0.000595531
0.0714214	4	2	4	57	0.000233927
0.0714839	1	2	4	57	0.000233927
0.0715464	1	2	4	57	0.000233927
0.0715821	1	1	4	164	0.00208214
0.0716357	4	1	4	164	0.000635713
0.0716714	1	2	4	57	0.000233927
0.0717205	4	2	4	36	0.000283031
0.0717205	7	1	4	57	0.000595531
0.0717339	4	2	4	23	0.000233927
0.071783	7	1	4	36	0.000283031
0.0717964	1	2	4	57	0.000233927
0.0718321	1	1	4	245	0.00208214
0.0718455	4	2	4	57	0.000595531
0.0718589	1	2	4	57	0.000233927
0.0718857	4	1	4	245	0.000635713
0.0719705	4	2	4	57	0.000908031
0.0719839	1	2	4	57	0.000233927
0.0720018	7	1	4	193	0.000251783
0.0720464	1	2	4	57	0.000233927
0.0720821	1	1	4	164	0.00208214
0.0721357	4	1	4	164	0.000635713
0.072158	7	1	4	57	0.000908031
0.0721714	1	2	4	57	0.000233927
0.0722205	4	2	4	57	0.000908031
0.0722339	4	2	4	57	0.000233927
0.072283	7	1	4	57	0.00122053
0.0722964	1	1	4	1223	0.000796426
0.0722964	1	2	4	57	0.000233927
0.0723054	7	1	4	114	0.000242855
0.0723455	4	2	4	170	0.000595531
0.0723589	1	2	4	57	0.000233927
0.0723857	4	1	4	245	0.000635713
0.072408	4	2	4	57	0.000595531
0.0724705	4	2	4	36	0.000283031
0.0724705	7	1	4	36	0.000283031
0.0724839	1	2	4	57	0.000233927
0.072533	4	2	4	36	0.000283031
0.072533	7	1	4	57	0.00122053
0.0725464	1	2	4	57	0.000233927
0.0725643	7	1	4	136	0.000251783
0.0726357	4	1	4	164	0.000635713
0.0726714	1	2	4	57	0.000233927
0.0727205	7	1	4	57	0.000908031
0.0727384	7	1	4	57	0.000238391
0.0727964	1	2	4	57	0.000233927
0.0728009	7	1	4	57	0.000238391
0.0728589	1	2	4	57	0.000233927
0.0728857	4	1	4	245	0.000635713
0.072908	4	2	4	159	0.000595531
0.0729214	4	2	4	57	0.000233927
0.0729839	1	2	4	57	0.000233927
0.073033	4	2	4	57	0.000595531
0.0730464	1	2	4	57	0.000233927
0.0730955	4	2	4	36	0.000283031
0.0731357	4	1	4	164	0.000635713
0.073158	4	2	4	57	0.000595531
0.0731714	1	2	4	57	0.000233927
0.0732205	4	2	4	36	0.000283031
0.0732205	7	1	4	57	0.000595531
0.0732339	4	2	4	103	0.000233927
0.073283	7	1	4	36	0.000283031
0.0732964	1	2	4	57	0.000233927
0.0733455	7	1	4	57	0.000595531
0.0733589	1	2	4	57	0.000233927
0.0733857	4	1	4	245	0.000635713
0.073408	7	1	4	57	0.000595531
0.0734705	7	1	4	36	0.000283031
0.0734839	1	2	4	57	0.000233927
0.073533	7	1	4	36	0.000283031
0.0735464	1	2	4	57	0.000233927
0.0735554	7	1	4	182	0.000242855
0.0736357	4	1	4	164	0.000635713
0.0736714	1	2	4	57	0.000233927
0.0737205	4	2	4	57	0.000658031
0.0737964	1	2	4	57	0.000233927
0.0738589	1	2	4	57	0.000233927
0.0738857	4	1	4	245	0.000635713
0.073908	4	2	4	57	0.000595531
0.0739705	4	2	4	36	0.000283031
0.0739839	1	2	4	57	0.000233927
0.074033	4	2	4	36	0.000283031
0.0740464	1	2	4	57	0.000233927
0.0740821	1	1	4	245	0.00233214
0.0740955	4	2	4	57	0.000970531
0.0740955	7	1	4	36	0.000283031
0.0741357	4	1	4	164	0.000635713
0.074158	4	2	4	57	0.000908031
0.0741714	1	2	4	57	0.000233927
0.0742205	7	1	4	57	0.000595531
0.074283	7	1	4	36	0.000283031
0.0742964	1	2	4	57	0.000233927
0.0743321	1	1	4	164	0.00233214
0.0743455	7	1	4	57	0.000908031
0.0743589	1	2	4	57	0.000233927
0.0743679	7	1	4	216	0.000242855
0.0743857	4	1	4	245	0.000635713
0.0744705	7	1	4	57	0.000908031
0.0744839	1	2	4	57	0.000233927
0.0744884	7	1	4	57	0.000238391
0.074533	4	2	4	272	0.000595531
0.0745464	1	2	4	57	0.000233927
0.0745509	4	2	4	114	0.000238391
0.0745821	1	1	4	245	0.00233214
0.0746357	4	1	4	164	0.000635713
0.074658	4	2	4	57	0.000595531
0.0746714	1	2	4	57	0.000233927
0.0747205	4	2	4	57	0.000595531
0.074783	4	2	4	36	0.000283031
0.0747964	1	2	4	57	0.000233927
0.0748321	1	1	4	164	0.00233214
0.0748455	4	2	4	36	0.000283031
0.0748589	1	2	4	57	0.000233927
0.0748857	4	1	4	245	0.000635713
0.0749705	7	1	4	36	0.000283031
0.0749839	1	2	4	57	0.000233927
0.075033	7	1	4	57	0.000595531
0.0750464	1	2	4	57	0.000233927
0.0750821	1	1	4	245	0.00233214
0.0750955	7	1	4	36	0.000283031
0.0751357	4	1	4	164	0.000635713
0.075158	7	1	4	57	0.000595531
0.0751714	1	2	4	57	0.000233927
0.0752205	7	1	4	57	0.000908031
0.0752786	4	2	4	32	0.000278567
0.0752964	1	2	4	57	0.000233927
0.0753321	1	1	4	164	0.00233214
0.0753455	4	2	4	57	0.000595531
0.0753589	1	2	4	57	0.000233927
0.0753857	4	1	4	245	0.000635713
0.0754214	1	1	4	1468	0.000671427
0.0754705	4	2	4	36	0.000283031
0.0754839	1	2	4	57	0.000233927
0.075533	4	2	4	103	0.000908031
0.0755464	1	2	4	57	0.000233927
0.0755955	7	1	4	159	0.000595531
0.0756134	7	1	4	57	0.000238391
0.0756357	4	1	4	164	0.000635713
0.0756714	1	2	4	57	0.000233927
0.0757205	4	2	4	57	0.000908031
0.0757339	4	2	4	57	0.000233927
0.075783	7	1	4	57	0.000658031
0.0757964	1	2	4	57	0.000233927
0.0758455	7	1	4	57	0.000595531
0.0758589	1	2	4	57	0.000233927
0.0758857	4	1	4	245	0.000635713
0.075908	4	2	4	220	0.000595531
0.075908	7	1	4	36	0.000283031
0.0759214	4	2	4	57	0.000233927
0.0759259	7	1	4	136	0.000238391
0.0759839	1	2	4	57	0.000233927
0.076033	7	1	4	57	0.000970531
0.0760464	1	2	4	57	0.000233927
0.0760598	7	1	4	114	0.000247319
0.0761357	4	1	4	164	0.000635713
0.076158	4	2	4	57	0.000595531
0.0761714	1	2	4	57	0.000233927
0.0762205	4	2	4	36	0.000283031
0.0762339	4	2	4	23	0.000233927
0.0762964	1	2	4	57	0.000233927
0.0763455	4	2	4	57	0.000595531
0.0763589	1	2	4	57	0.000233927
0.0763857	4	1	4	245	0.000635713
0.0764705	4	2	4	36	0.000283031
0.0764839	1	2	4	57	0.000233927
0.0764884	4	2	4	136	0.000238391
0.0765464	1	2	4	57	0.000233927
0.0765955	7	1	4	36	0.000283031
0.0766357	4	1	4	164	0.000635713
0.0766714	1	2	4	57	0.000233927
0.0767205	4	2	4	57	0.000908031
0.0767339	4	2	4	57	0.000233927
0.076783	7	1	4	36	0.000283031
0.0767964	1	2	4	57	0.000233927
0.0768455	7	1	4	57	0.000908031
0.0768589	1	2	4	57	0.000233927
0.0768857	4	1	4	245	0.000635713
0.0769705	4	2	4	36	0.000283031
0.0769705	7	1	4	57	0.000908031
0.0769839	1	2	4	57	0.000233927
0.077033	4	2	4	36	0.000283031
0.077033	7	1	4	57	0.000908031
0.0770464	1	2	4	57	0.000233927
0.0770598	7	1	4	114	0.000247319
0.0770821	1	1	4	164	0.00208214
0.0771357	4	1	4	164	0.000635713
0.0771714	1	2	4	57	0.000233927
0.0772205	4	2	4	57	0.000908031
0.0772205	7	1	4	216	0.000595531
0.0772339	4	2	4	57	0.000233927
0.0772964	1	2	4	57	0.000233927
0.0773321	1	1	4	245	0.00208214
0.0773589	1	2	4	57	0.000233927
0.0773857	4	1	4	245	0.000635713
0.077408	4	2	4	103	0.000595531
0.0774705	4	2	4	57	0.000908031
0.0774839	1	2	4	57	0.000233927
0.0775464	1	2	4	57	0.000233927
0.0775821	1	1	4	164	0.00208214
0.0775955	7	1	4	57	0.000595531
0.0776357	4	1	4	164	0.000635713
0.077658	4	2	4	57	0.000595531
0.0776714	1	2	4	57	0.000233927
0.0777205	4	2	4	36	0.000283031
0.0777205	7	1	4	57	0.000595531
0.0777339	4	2	4	23	0.000233927
0.077783	7	1	4	36	0.000283031
0.0777964	1	2	4	57	0.000233927
0.0778321	1	1	4	245	0.00208214
0.0778589	1	2	4	57	0.000233927
0.0778857	4	1	4	245	0.000635713
0.077908	7	1	4	36	0.000283031
0.0779705	4	2	4	36	0.000283031
0.0779705	7	1	4	57	0.000908031
0.0779839	1	2	4	57	0.000233927
0.0780062	7	1	4	216	0.000256247
0.0780464	1	2	4	57	0.000233927
0.0780821	1	1	4	164	0.00208214
0.0781357	4	1	4	164	0.000635713
0.078158	4	2	4	114	0.000908031
0.0781714	1	2	4	57	0.000233927
0.0781759	7	1	4	57	0.000238391
0.0782205	4	2	4	57	0.000908031
0.0782339	4	2	4	57	0.000233927
0.0782964	1	1	4	1223	0.000796426
0.0782964	1	2	4	57	0.000233927
0.0783455	4	2	4	136	0.000595531
0.0783589	1	2	4	57	0.000233927
0.0783857	4	1	4	245	0.000635713
0.078408	4	2	4	57	0.000595531
0.0784661	4	2	4	32	0.000278567
0.0784705	7	1	4	57	0.00122053
0.0784839	1	2	4	57	0.000233927
0.0784929	7	1	4	114	0.000242855
0.0785464	1	2	4	57	0.000233927
0.0786357	4	1	4	164	0.000635713
0.078658	7	1	4	57	0.000595531
0.0786714	1	2	4	57	0.000233927
0.0787205	7	1	4	57	0.000908031
0.0787384	7	1	4	57	0.000238391
0.0787964	1	2	4	57	0.000233927
0.0788455	4	2	4	140	0.000595531
0.0788589	1	2	4	57	0.000233927
0.0788857	4	1	4	245	0.000635713
0.078908	4	2	4	57	0.000595531
0.0789705	4	2	4	36	0.000283031
0.0789705	7	1	4	36	0.000283031
0.0789839	1	2	4	57	0.000233927
0.0790464	1	2	4	57	0.000233927
0.0790955	4	2	4	36	0.000283031
0.0791357	4	1	4	164	0.000635713
0.079158	4	2	4	36	0.000283031
0.0791714	1	2	4	57	0.000233927
0.0792205	7	1	4	57	0.000908031
0.0792384	7	1	4	57	0.000238391
0.0792964	1	2	4	57	0.000233927
0.0793455	4	2	4	57	0.000908031
0.0793589	1	2	4	57	0.000233927
0.0793857	4	1	4	245	0.000635713
0.079408	7	1	4	57	0.000595531
0.0794705	7	1	4	57	0.000908031
0.0794839	1	2	4	57	0.000233927
0.0794884	7	1	4	170	0.000238391
0.079533	4	2	4	182	0.000595531
0.0795464	1	2	4	57	0.000233927
0.0795509	4	2	4	114	0.000238391
0.0796357	4	1	4	164	0.000635713
0.079658	7	1	4	80	0.000908031
0.0796714	1	2	4	57	0.000233927
0.0796759	7	1	4	57	0.000238391
0.079783	4	2	4	36	0.000283031
0.0797964	1	2	4	57	0.000233927
0.0798321	1	1	4	245	0.00208214
0.0798455	4	2	4	36	0.000283031
0.0798589	1	2	4	57	0.000233927
0.0798857	4	1	4	245	0.000635713
0.0799705	7	1	4	36	0.000283031
0.0799839	1	2	4	57	0.000233927
0.080033	4	2	4	114	0.000908031
0.0800464	1	2	4	57	0.000233927
0.0800821	1	1	4	164	0.00208214
0.0801357	4	1	4	164	0.000635713
0.080158	7	1	4	57	0.000595531
0.0801714	1	2	4	57	0.000233927
0.0802205	7	1	4	57	0.000908031
0.0802786	4	2	4	32	0.000278567
0.0802964	1	2	4	57	0.000233927
0.0803321	1	1	4	245	0.00208214
0.0803455	4	2	4	36	0.000283031
0.0803589	1	2	4	57	0.000233927
0.0803857	4	1	4	245	0.000635713
0.0804661	7	1	4	32	0.000278567
0.0804705	4	2	4	36	0.000283031
0.0804839	1	2	4	57	0.000233927
0.080533	4	2	4	103	0.000908031
0.0805464	1	2	4	57	0.000233927
0.0805821	1	1	4	164	0.00208214
0.0805955	7	1	4	57	0.000595531
0.0806134	7	1	4	57	0.000238391
0.0806357	4	1	4	164	0.000635713
0.0806714	1	2	4	57	0.000233927
0.0807205	4	2	4	114	0.000908031
0.0807205	7	1	4	80	0.000970531
0.0807339	4	2	4	57	0.000233927
0.080783	7	1	4	57	0.000970531
0.0807964	1	2	4	57	0.000233927
0.0808321	1	1	4	245	0.00208214
0.0808455	7	1	4	140	0.000595531
0.0808589	1	2	4	57	0.000233927
0.0808634	7	1	4	170	0.000238391
0.0808857	4	1	4	245	0.000635713
0.080908	4	2	4	186	0.000595531
0.0809214	4	2	4	57	0.000233927
0.0809839	1	2	4	57	0.000233927
0.0810464	1	1	4	1223	0.000796426
0.0810464	1	2	4	57	0.000233927
0.0810509	7	1	4	57	0.000238391
0.0811357	4	1	4	164	0.000635713
0.0811714	1	2	4	57	0.000233927
0.0812205	4	2	4	36	0.000283031
0.0812339	4	2	4	23	0.000233927
0.0812964	1	2	4	57	0.000233927
0.0813455	4	2	4	57	0.000595531
0.0813589	1	2	4	57	0.000233927
0.0813857	4	1	4	245	0.000635713
0.081408	4	2	4	57	0.000595531
0.081408	7	1	4	36	0.000283031
0.0814705	4	2	4	57	0.000908031
0.0814839	1	2	4	57	0.000233927
0.0814884	4	2	4	170	0.000238391
0.081533	7	1	4	57	0.000595531
0.0815464	1	2	4	57	0.000233927
0.0815955	7	1	4	36	0.000283031
0.0816357	4	1	4	164	0.000635713
0.081658	7	1	4	57	0.000908031
0.0816714	1	2	4	57	0.000233927
0.0816893	7	1	4	136	0.000251783
0.081783	7	1	4	80	0.000595531
0.0817964	1	2	4	57	0.000233927
0.0818589	1	2	4	57	0.000233927
0.0818857	4	1	4	245	0.000635713
0.0819705	4	2	4	36	0.000283031
0.0819839	1	2	4	57	0.000233927
0.0820464	1	2	4	57	0.000233927
0.0820955	4	2	4	36	0.000283031
0.0821357	4	1	4	164	0.000635713
0.0821714	1	2	4	57	0.000233927
0.0822205	4	2	4	57	0.000908031
0.0822384	4	2	4	159	0.000238391
0.082283	7	1	4	36	0.000283031
0.0822964	1	2	4	57	0.000233927
0.0823455	4	2	4	57	0.000908031
0.0823589	1	2	4	57	0.000233927
0.0823857	4	1	4	245	0.000635713
0.0824705	4	2	4	57	0.000908031
0.0824705	7	1	4	57	0.000908031
0.0824839	1	2	4	57	0.000233927
0.082533	7	1	4	57	0.000908031
0.0825464	1	2	4	57	0.000233927
0.0825777	7	1	4	249	0.000265175
0.0825821	1	1	4	164	0.00208214
0.0826357	4	1	4	164	0.000635713
0.082658	7	1	4	57	0.000908031
0.0826714	1	2	4	57	0.000233927
0.0827205	7	1	4	57	0.000908031
0.082783	4	2	4	36	0.000283031
0.0827964	1	2	4	57	0.000233927
0.0828009	7	1	4	57	0.000238391
0.0828321	1	1	4	245	0.00208214
0.0828455	4	2	4	57	0.000595531
0.0828589	1	2	4	57	0.000233927
0.0828857	4	1	4	245	0.000635713
0.082908	4	2	4	57	0.000595531
0.0829705	4	2	4	36	0.000283031
0.0829839	1	2	4	57	0.000233927
0.083033	4	2	4	114	0.000908031
0.0830464	1	2	4	57	0.000233927
0.0830821	1	1	4	164	0.00208214
0.0830955	7	1	4	57	0.000595531
0.0831134	7	1	4	57	0.000238391
0.0831357	4	1	4	164	0.000635713
0.0831714	1	2	4	57	0.000233927
0.0832205	7	1	4	57	0.000595531
0.083283	7	1	4	36	0.000283031
0.0832964	1	2	4	57	0.000233927
0.0833321	1	1	4	245	0.00208214
0.0833455	7	1	4	57	0.000595531
0.0833589	1	2	4	57	0.000233927
0.0833857	4	1	4	245	0.000635713
0.083408	4	2	4	216	0.000595531
0.083408	7	1	4	36	0.000283031
0.0834214	4	2	4	57	0.000233927
0.0834839	1	2	4	57	0.000233927
0.0835464	1	2	4	57	0.000233927
0.0835821	1	1	4	164	0.00208214
0.0835955	4	2	4	36	0.000283031
0.0836357	4	1	4	164	0.000635713
0.083658	4	2	4	36	0.000283031
0.0836714	1	2	4	57	0.000233927
0.0837205	4	2	4	57	0.000658031
0.083783	7	1	4	103	0.000595531
0.0837964	1	1	4	1223	0.000796426
0.0837964	1	2	4	57	0.000233927
0.0838455	4	2	4	57	0.000908031
0.0838589	1	2	4	57	0.000233927
0.0838857	4	1	4	245	0.000635713
0.083908	7	1	4	57	0.000595531
0.0839705	7	1	4	36	0.000283031
0.0839839	1	2	4	57	0.000233927
0.084033	7	1	4	57	0.000595531
0.0840464	1	2	4	57	0.000233927
0.0840955	4	2	4	103	0.000595531
0.0840955	7	1	4	36	0.000283031
0.0841089	4	2	4	57	0.000233927
0.0841357	4	1	4	164	0.000635713
0.084158	7	1	4	57	0.000908031
0.0841714	1	2	4	57	0.000233927
0.0841982	7	1	4	216	0.000260711
0.0842205	4	2	4	114	0.000595531
0.084283	4	2	4	36	0.000283031
0.0842964	1	2	4	57	0.000233927
0.0843455	4	2	4	57	0.000595531
0.0843589	1	2	4	57	0.000233927
0.0843857	4	1	4	245	0.000635713
0.084408	4	2	4	36	0.000283031
0.0844214	4	2	4	103	0.000233927
0.0844839	1	2	4	57	0.000233927
0.0845464	1	2	4	57	0.000233927
0.0846357	4	1	4	164	0.000635713
0.084658	7	1	4	57	0.000595531
0.0846714	1	2	4	57	0.000233927
0.0847205	7	1	4	57	0.000595531
0.084783	7	1	4	36	0.000283031
0.0847964	1	2	4	57	0.000233927
0.0848455	4	2	4	57	0.000595531
0.0848589	1	2	4	57	0.000233927
0.0848857	4	1	4	245	0.000635713
0.0849705	4	2	4	36	0.000283031
0.0849705	7	1	4	36	0.000283031
0.0849839	1	2	4	57	0.000233927
0.0850464	1	2	4	57	0.000233927
0.0850955	4	2	4	36	0.000283031
0.0851357	4	1	4	164	0.000635713
0.085158	4	2	4	36	0.000283031
0.085158	7	1	4	57	0.000908031
0.0851714	1	2	4	57	0.000233927
0.0852205	4	2	4	57	0.000908031
0.0852384	4	2	4	182	0.000238391
0.0852384	7	1	4	57	0.000238391
0.0852964	1	2	4	57	0.000233927
0.0853321	1	1	4	245	0.00208214
0.0853455	4	2	4	57	0.000908031
0.0853455	7	1	4	159	0.000595531
0.0853589	1	2	4	57	0.000233927
0.0853857	4	1	4	245	0.000635713
0.085408	7	1	4	57	0.000595531
0.0854661	7	1	4	32	0.000278567
0.0854839	1	2	4	57	0.000233927
0.085533	7	1	4	57	0.00122053
0.0855464	1	2	4	57	0.000233927
0.0855732	7	1	4	197	0.000260711
0.0855821	1	1	4	164	0.00208214
0.0856357	4	1	4	164	0.000635713
0.0856714	1	2	4	57	0.000233927
0.0856759	7	1	4	57	0.000238391
0.085783	4	2	4	36	0.000283031
0.0857964	1	2	4	57	0.000233927
0.0858321	1	1	4	245	0.00208214
0.0858455	4	2	4	57	0.000595531
0.0858589	1	2	4	57	0.000233927
0.0858857	4	1	4	245	0.000635713
0.085908	4	2	4	57	0.000595531
0.0859705	4	2	4	36	0.000283031
0.0859839	1	2	4	57	0.000233927
0.086033	4	2	4	114	0.000908031
0.0860464	1	2	4	57	0.000233927
0.0860509	4	2	4	216	0.000238391
0.0860821	1	1	4	164	0.00208214
0.0861357	4	1	4	164	0.000635713
0.0861714	1	2	4	57	0.000233927
0.0862205	7	1	4	57	0.000595531
0.086283	7	1	4	36	0.000283031
0.0862964	1	2	4	57	0.000233927
0.0863321	1	1	4	245	0.00208214
0.0863589	1	2	4	57	0.000233927
0.0863857	4	1	4	245	0.000635713
0.086408	7	1	4	57	0.000595531
0.0864705	7	1	4	57	0.000908031
0.0864839	1	2	4	57	0.000233927
0.0865464	1	1	4	1223	0.000796426
0.0865464	1	2	4	57	0.000233927
0.0865955	4	2	4	36	0.000283031
0.0866357	4	1	4	164	0.000635713
0.086658	7	1	4	57	0.000908031
0.0866714	1	2	4	57	0.000233927
0.0867205	4	2	4	57	0.000595531
0.086783	4	2	4	36	0.000283031
0.0867964	1	2	4	57	0.000233927
0.0868455	4	2	4	57	0.000908031
0.0868455	7	1	4	193	0.000595531
0.0868589	1	2	4	57	0.000233927
0.0868634	4	2	4	216	0.000238391
0.0868857	4	1	4	245	0.000635713
0.0869705	4	2	4	57	0.000908031
0.0869705	7	1	4	36	0.000283031
0.0869839	1	2	4	57	0.000233927
0.0870464	1	2	4	57	0.000233927
0.0870955	7	1	4	36	0.000283031
0.0871357	4	1	4	164	0.000635713
0.087158	7	1	4	36	0.000283031
0.0871714	1	2	4	57	0.000233927
0.0872205	7	1	4	57	0.000908031
0.0872384	7	1	4	182	0.000238391
0.0872964	1	2	4	57	0.000233927
0.0873455	7	1	4	57	0.000908031
0.0873589	1	2	4	57	0.000233927
0.0873857	4	1	4	245	0.000635713
0.087408	4	2	4	57	0.000595531
0.0874705	4	2	4	36	0.000283031
0.0874839	1	2	4	57	0.000233927
0.0875464	1	2	4	57	0.000233927
0.0875955	4	2	4	36	0.000283031
0.0876357	4	1	4	164	0.000635713
0.087658	4	2	4	57	0.000908031
0.0876714	1	2	4	57	0.000233927
0.0877205	7	1	4	114	0.000595531
0.087783	7	1	4	36	0.000283031
0.0877964	1	2	4	57	0.000233927
0.0878455	4	2	4	57	0.000908031
0.0878589	1	2	4	57	0.000233927
0.0878857	4	1	4	245	0.000635713
0.087908	7	1	4	57	0.000595531
0.0879705	7	1	4	36	0.000283031
0.0879839	1	2	4	57	0.000233927
0.088033	4	2	4	216	0.000595531
0.088033	7	1	4	36	0.000283031
0.0880464	1	2	4	57	0.000233927
0.0880509	4	2	4	114	0.000238391
0.0880821	1	1	4	164	0.00208214
0.0881357	4	1	4	164	0.000635713
0.088158	7	1	4	57	0.000908031
0.0881714	1	2	4	57	0.000233927
0.0881759	7	1	4	57	0.000238391
0.0882205	4	2	4	114	0.000595531
0.088283	4	2	4	36	0.000283031
0.0882964	1	2	4	57	0.000233927
0.0883321	1	1	4	245	0.00208214
0.0883455	4	2	4	36	0.000283031
0.0883589	1	2	4	57	0.000233927
0.0883857	4	1	4	245	0.000635713
0.088408	7	1	4	182	0.000595531
0.0884259	7	1	4	57	0.000238391
0.0884839	1	2	4	57	0.000233927
0.0885464	1	2	4	57	0.000233927
0.0885821	1	1	4	164	0.00208214
0.0886357	4	1	4	164	0.000635713
0.088658	7	1	4	57	0.000595531
0.0886714	1	2	4	57	0.000233927
0.0887205	7	1	4	36	0.000283031
0.088783	4	2	4	36	0.000283031
0.0887964	1	2	4	57	0.000233927
0.0888321	1	1	4	245	0.00208214
0.0888455	4	2	4	57	0.000595531
0.0888589	1	2	4	57	0.000233927
0.0888857	4	1	4	245	0.000635713
0.0889705	4	2	4	36	0.000283031
0.0889705	7	1	4	36	0.000283031
0.0889839	1	2	4	57	0.000233927
0.089033	4	2	4	103	0.000908031
0.0890464	1	2	4	57	0.000233927
0.0890821	1	1	4	164	0.00208214
0.0890955	7	1	4	23	0.000595531
0.0891357	4	1	4	164	0.000635713
0.089158	7	1	4	57	0.000908031
0.0891714	1	2	4	57	0.000233927
0.0892205	4	2	4	57	0.000908031
0.0892339	4	2	4	57	0.000233927
0.0892473	7	1	4	114	0.000247319
0.0892964	1	1	4	1223	0.000796426
0.0892964	1	2	4	57	0.000233927
0.0893455	7	1	4	136	0.000595531
0.0893589	1	2	4	57	0.000233927
0.0893634	7	1	4	114	0.000238391
0.0893857	4	1	4	245	0.000635713
0.089408	4	2	4	216	0.000595531
0.0894214	4	2	4	57	0.000233927
0.0894839	1	2	4	57	0.000233927
0.089533	7	1	4	57	0.00122053
0.0895464	1	2	4	57	0.000233927
0.0895598	7	1	4	114	0.000247319
0.0896357	4	1	4	164	0.000635713
0.0896714	1	2	4	57	0.000233927
0.0897205	4	2	4	36	0.000283031
0.0897339	4	2	4	23	0.000233927
0.0897964	1	2	4	57	0.000233927
0.0898455	4	2	4	57	0.000595531
0.0898589	1	2	4	57	0.000233927
0.0898857	4	1	4	245	0.000635713
0.089908	4	2	4	57	0.000595531
0.0899705	4	2	4	57	0.000908031
0.0899839	1	2	4	57	0.000233927
0.090033	7	1	4	57	0.000595531
0.0900464	1	2	4	57	0.000233927
0.0900955	7	1	4	36	0.000283031
0.0901357	4	1	4	164	0.000635713
0.090158	7	1	4	57	0.000595531
0.0901714	1	2	4	57	0.000233927
0.0902205	7	1	4	57	0.000595531
0.090283	7	1	4	36	0.000283031
0.0902964	1	2	4	57	0.000233927
0.0903455	4	2	4	170	0.000595531
0.0903455	7	1	4	36	0.000283031
0.0903589	1	2	4	57	0.000233927
0.0903857	4	1	4	245	0.000635713
0.090408	4	2	4	57	0.000595531
0.0904705	4	2	4	36	0.000283031
0.0904839	1	2	4	57	0.000233927
0.0905464	1	2	4	57	0.000233927
0.0905955	4	2	4	36	0.000283031
0.0906357	4	1	4	164	0.000635713
0.090658	4	2	4	36	0.000283031
0.0906714	1	2	4	57	0.000233927
0.0907205	7	1	4	182	0.000595531
0.0907339	7	1	4	57	0.000233927
0.0907964	1	2	4	57	0.000233927
0.0908321	1	1	4	245	0.00208214
0.0908455	4	2	4	57	0.000908031
0.0908589	1	2	4	57	0.000233927
0.0908857	4	1	4	245	0.000635713
0.090908	7	1	4	57	0.000595531
0.0909705	7	1	4	36	0.000283031
0.0909839	1	2	4	57	0.000233927
0.091033	4	2	4	182	0.000595531
0.091033	7	1	4	36	0.000283031
0.0910464	1	2	4	57	0.000233927
0.0910509	4	2	4	114	0.000238391
0.0910821	1	1	4	164	0.00208214
0.0911357	4	1	4	164	0.000635713
0.091158	7	1	4	57	0.000908031
0.0911714	1	2	4	57	0.000233927
0.0911759	7	1	4	57	0.000238391
0.091283	4	2	4	36	0.000283031
0.0912964	1	2	4	57	0.000233927
0.0913321	1	1	4	245	0.00208214
0.0913455	4	2	4	36	0.000283031
0.0913589	1	2	4	57	0.000233927
0.0913857	4	1	4	245	0.000635713
0.091408	7	1	4	159	0.000595531
0.0914259	7	1	4	57	0.000238391
0.0914839	1	2	4	57	0.000233927
0.091533	4	2	4	114	0.000908031
0.0915464	1	2	4	57	0.000233927
0.0915821	1	1	4	164	0.00208214
0.0916357	4	1	4	164	0.000635713
0.0916714	1	2	4	57	0.000233927
0.0917205	7	1	4	36	0.000283031
0.091783	4	2	4	36	0.000283031
0.0917964	1	2	4	57	0.000233927
0.0918321	1	1	4	245	0.00208214
0.0918455	4	2	4	36	0.000283031
0.0918589	1	2	4	57	0.000233927
0.0918857	4	1	4	245	0.000635713
0.0919705	4	2	4	36	0.000283031
0.0919705	7	1	4	57	0.000908031
0.0919839	1	2	4	57	0.000233927
0.092033	4	2	4	103	0.000908031
0.0920464	1	1	4	1223	0.000796426
0.0920464	1	2	4	57	0.000233927
0.0920955	7	1	4	23	0.000595531
0.0921357	4	1	4	164	0.000635713
0.092158	7	1	4	57	0.000908031
0.0921714	1	2	4	57	0.000233927
0.0922205	4	2	4	114	0.000908031
0.0922339	4	2	4	57	0.000233927
0.0922473	7	1	4	114	0.000247319
0.0922964	1	2	4	57	0.000233927
0.0923455	7	1	4	170	0.000595531
0.0923589	1	2	4	57	0.000233927
0.0923634	7	1	4	114	0.000238391
0.0923857	4	1	4	245	0.000635713
0.092408	4	2	4	182	0.000595531
0.0924214	4	2	4	57	0.000233927
0.0924839	1	2	4	57	0.000233927
0.092533	7	1	4	57	0.00122053
0.0925464	1	2	4	57	0.000233927
0.0925598	7	1	4	114	0.000247319
0.0926357	4	1	4	164	0.000635713
0.092658	4	2	4	57	0.000595531
0.0926714	1	2	4	57	0.000233927
0.0927205	4	2	4	36	0.000283031
0.0927339	4	2	4	23	0.000233927
0.0927964	1	2	4	57	0.000233927
0.0928455	4	2	4	57	0.000595531
0.0928589	1	2	4	57	0.000233927
0.0928857	4	1	4	245	0.000635713
0.0929705	4	2	4	36	0.000283031
0.0929839	1	2	4	57	0.000233927
0.093033	7	1	4	57	0.000595531
0.0930464	1	2	4	57	0.000233927
0.0930955	7	1	4	36	0.000283031
0.0931357	4	1	4	164	0.000635713
0.093158	7	1	4	57	0.000595531
0.0931714	1	2	4	57	0.000233927
0.0932205	4	2	4	57	0.000908031
0.0932339	4	2	4	57	0.000233927
0.093283	7	1	4	36	0.000283031
0.0932964	1	2	4	57	0.000233927
0.0933455	4	2	4	136	0.000595531
0.0933455	7	1	4	36	0.000283031
0.0933589	1	2	4	57	0.000233927
0.0933857	4	1	4	245	0.000635713
0.093408	4	2	4	57	0.000595531
0.0934661	4	2	4	32	0.000278567
0.0934839	1	2	4	57	0.000233927
0.093533	4	2	4	36	0.000283031
0.093533	7	1	4	57	0.000908031
0.0935464	1	2	4	57	0.000233927
0.0935598	7	1	4	114	0.000247319
0.0935821	1	1	4	164	0.00208214
0.0936357	4	1	4	164	0.000635713
0.0936714	1	2	4	57	0.000233927
0.0937205	7	1	4	182	0.000595531
0.0937339	7	1	4	57	0.000233927
0.0937964	1	2	4	57	0.000233927
0.0938589	1	2	4	57	0.000233927
0.0938857	4	1	4	245	0.000635713
0.093908	4	2	4	163	0.000595531
0.0939214	4	2	4	57	0.000233927
0.0939839	1	2	4	57	0.000233927
0.094033	4	2	4	57	0.000595531
0.0940464	1	2	4	57	0.000233927
0.0940821	1	1	4	245	0.00233214
0.0940955	4	2	4	36	0.000283031
0.0941357	4	1	4	164	0.000635713
0.0941714	1	2	4	57	0.000233927
0.0942205	4	2	4	36	0.000283031
0.0942205	7	1	4	57	0.000595531
0.0942339	4	2	4	103	0.000233927
0.094283	7	1	4	36	0.000283031
0.0942964	1	2	4	57	0.000233927
0.0943321	1	1	4	164	0.00233214
0.0943589	1	2	4	57	0.000233927
0.0943857	4	1	4	245	0.000635713
0.094408	7	1	4	57	0.000595531
0.0944705	4	2	4	57	0.000908031
0.0944839	1	2	4	57	0.000233927
0.0945018	7	1	4	193	0.000251783
0.0945464	1	2	4	57	0.000233927
0.0945821	1	1	4	245	0.00233214
0.0946357	4	1	4	164	0.000635713
0.094658	7	1	4	57	0.000908031
0.0946714	1	2	4	57	0.000233927
0.0947205	4	2	4	57	0.000595531
0.094783	4	2	4	36	0.000283031
0.094783	7	1	4	57	0.00122053
0.0947964	1	2	4	57	0.000233927
0.0948009	7	1	4	57	0.000238391
0.0948321	1	1	4	164	0.00233214
0.0948589	1	2	4	57	0.000233927
0.0948857	4	1	4	245	0.000635713
0.094908	4	2	4	57	0.000595531
0.0949705	4	2	4	57	0.000908031
0.0949705	7	1	4	36	0.000283031
0.0949839	1	2	4	57	0.000233927
0.095033	7	1	4	57	0.000595531
0.0950464	1	2	4	57	0.000233927
0.0950821	1	1	4	408	0.00208214
0.0950955	7	1	4	36	0.000283031
0.0951134	7	1	4	103	0.000238391
0.0951357	4	1	4	164	0.000635713
0.095158	4	2	4	57	0.000908031
0.0951714	1	2	4	57	0.000233927
0.0952205	7	1	4	57	0.000908031
0.0952384	7	1	4	57	0.000238391
0.0952964	1	1	4	1223	0.000796426
0.0952964	1	2	4	57	0.000233927
0.0953455	4	2	4	193	0.000595531
0.0953589	1	2	4	57	0.000233927
0.0953857	4	1	4	245	0.000635713
0.095408	4	2	4	57	0.000595531
0.0954705	4	2	4	36	0.000283031
0.0954839	1	2	4	57	0.000233927
0.0955464	1	2	4	57	0.000233927
0.0955955	4	2	4	36	0.000283031
0.0956357	4	1	4	164	0.000635713
0.095658	4	2	4	36	0.000283031
0.0956714	1	2	4	57	0.000233927
0.0956759	4	2	4	182	0.000238391
0.0957205	7	1	4	57	0.000658031
0.0957964	1	2	4	57	0.000233927
0.0958455	4	2	4	57	0.000908031
0.0958589	1	2	4	57	0.000233927
0.0958857	4	1	4	245	0.000635713
0.0959705	7	1	4	36	0.000283031
0.0959839	1	2	4	57	0.000233927
0.096033	7	1	4	36	0.000283031
0.0960464	1	2	4	57	0.000233927
0.0960955	7	1	4	57	0.000970531
0.0961357	4	1	4	164	0.000635713
0.096158	7	1	4	57	0.000908031
0.0961714	1	2	4	57	0.000233927
0.0962205	7	1	4	57	0.000908031
0.096283	4	2	4	36	0.000283031
0.0962964	1	2	4	57	0.000233927
0.0963589	1	2	4	57	0.000233927
0.0963857	4	1	4	245	0.000635713
0.096408	4	2	4	57	0.000595531
0.0964705	4	2	4	36	0.000283031
0.0964839	1	2	4	57	0.000233927
0.096533	4	2	4	114	0.000908031
0.0965464	1	2	4	57	0.000233927
0.0965955	7	1	4	272	0.000595531
0.0966357	4	1	4	164	0.000635713
0.096658	4	2	4	57	0.000908031
0.0966714	1	2	4	57	0.000233927
0.096783	7	1	4	36	0.000283031
0.0967964	1	2	4	57	0.000233927
0.0968321	1	1	4	245	0.00208214
0.0968455	7	1	4	57	0.000595531
0.0968589	1	2	4	57	0.000233927
0.0968857	4	1	4	245	0.000635713
0.096908	4	2	4	216	0.000595531
0.096908	7	1	4	36	0.000283031
0.0969214	4	2	4	57	0.000233927
0.0969705	7	1	4	57	0.000908031
0.0969839	1	2	4	57	0.000233927
0.097033	7	1	4	57	0.000908031
0.0970464	1	2	4	57	0.000233927
0.0970821	1	1	4	164	0.00208214
0.0970955	4	2	4	36	0.000283031
0.0971357	4	1	4	164	0.000635713
0.0971714	1	2	4	57	0.000233927
0.0972205	4	2	4	36	0.000283031
0.0972339	4	2	4	103	0.000233927
0.0972964	1	2	4	57	0.000233927
0.0973321	1	1	4	245	0.00208214
0.0973455	4	2	4	57	0.000908031
0.0973589	1	2	4	57	0.000233927
0.0973857	4	1	4	245	0.000635713
0.097408	7	1	4	272	0.000595531
0.0974259	7	1	4	57	0.000238391
0.0974705	4	2	4	57	0.000908031
0.0974839	1	2	4	57	0.000233927
0.097533	7	1	4	57	0.000595531
0.0975464	1	2	4	57	0.000233927
0.0975821	1	1	4	164	0.00208214
0.0975955	7	1	4	36	0.000283031
0.0976357	4	1	4	164	0.000635713
0.097658	7	1	4	57	0.000595531
0.0976714	1	2	4	57	0.000233927
0.0977205	7	1	4	36	0.000283031
0.097783	4	2	4	36	0.000283031
0.0977964	1	2	4	57	0.000233927
0.0978321	1	1	4	245	0.00208214
0.0978589	1	2	4	57	0.000233927
0.0978857	4	1	4	245	0.000635713
0.0979705	4	2	4	36	0.000283031
0.0979839	1	2	4	57	0.000233927
0.098033	4	2	4	114	0.000908031
0.0980464	1	1	4	1223	0.000796426
0.0980464	1	2	4	57	0.000233927
0.0980509	4	2	4	216	0.000238391
0.0980955	7	1	4	103	0.000595531
0.0981357	4	1	4	164	0.000635713
0.098158	4	2	4	57	0.000908031
0.0981714	1	2	4	57	0.000233927
0.0982205	4	2	4	57	0.000908031
0.0982339	4	2	4	57	0.000233927
0.098283	7	1	4	36	0.000283031
0.0982964	1	2	4	57	0.000233927
0.0983589	1	2	4	57	0.000233927
0.0983857	4	1	4	245	0.000635713
0.098408	7	1	4	36	0.000283031
0.0984705	7	1	4	57	0.000908031
0.0984839	1	2	4	57	0.000233927
0.098533	7	1	4	57	0.000908031
0.0985464	1	2	4	57	0.000233927
0.0985821	7	1	4	272	0.000269639
0.0986357	4	1	4	164	0.000635713
0.098658	7	1	4	57	0.000908031
0.0986714	1	2	4	57	0.000233927
0.0987205	4	2	4	57	0.000658031
0.098783	4	2	4	57	0.000658031
0.0987964	1	2	4	57	0.000233927
0.0988455	4	2	4	57	0.000595531
0.0988589	1	2	4	57	0.000233927
0.0988857	4	1	4	245	0.000635713
0.098908	4	2	4	57	0.000595531
0.0989705	4	2	4	36	0.000283031
0.0989839	1	2	4	57	0.000233927
0.099033	4	2	4	36	0.000283031
0.0990464	1	2	4	57	0.000233927
0.0990955	7	1	4	36	0.000283031
0.0991357	4	1	4	164	0.000635713
0.099158	7	1	4	57	0.000595531
0.0991714	1	2	4	57	0.000233927
0.0992205	7	1	4	57	0.000595531
0.099283	7	1	4	36	0.000283031
0.0992964	1	2	4	57	0.000233927
0.0993455	7	1	4	57	0.000908031
0.0993589	1	2	4	57	0.000233927
0.0993679	7	1	4	216	0.000242855
0.0993857	4	1	4	245	0.000635713
0.099408	4	2	4	216	0.000595531
0.0994214	4	2	4	57	0.000233927
0.0994839	1	2	4	57	0.000233927
0.099533	4	2	4	57	0.000595531
0.0995464	1	2	4	57	0.000233927
0.0995821	1	1	4	164	0.00208214
0.0995955	4	2	4	36	0.000283031
0.0996357	4	1	4	164	0.000635713
0.0996714	1	2	4	57	0.000233927
0.0997205	4	2	4	36	0.000283031
0.0997339	4	2	4	103	0.000233927
0.0997964	1	2	4	57	0.000233927
0.0998321	1	1	4	245	0.00208214
0.0998455	7	1	4	57	0.000595531
0.0998589	1	2	4	57	0.000233927
0.0998857	4	1	4	245	0.000635713
0.099908	7	1	4	57	0.000595531
0.0999705	4	2	4	57	0.000908031
0.0999705	7	1	4	36	0.000283031
0.0999839	1	2	4	57	0.000233927
