time(s)	cellId	rnti	lcid	packetSize
0.0163002	1	2	4	55
0.0163002	4	2	4	55
0.0163003	7	1	4	55
0.0163004	1	1	4	80
0.0163005	4	1	4	80
0.0164002	1	2	4	55
0.0164002	4	2	4	55
0.0164003	7	1	4	55
0.0164004	1	1	4	80
0.0164005	4	1	4	80
0.0165002	1	2	4	55
0.0165002	4	2	4	55
0.0165003	7	1	4	55
0.0165004	1	1	4	80
0.0165005	4	1	4	80
0.0166002	1	2	4	55
0.0166002	4	2	4	55
0.0166003	7	1	4	55
0.0166004	1	1	4	80
0.0166005	4	1	4	80
0.0167002	1	2	4	55
0.0167002	4	2	4	55
0.0167003	7	1	4	55
0.0167004	1	1	4	80
0.0167005	4	1	4	80
0.0168002	1	2	4	55
0.0168002	4	2	4	55
0.0168003	7	1	4	55
0.0168004	1	1	4	80
0.0168005	4	1	4	80
0.0169002	1	2	4	55
0.0169002	4	2	4	55
0.0169003	7	1	4	55
0.0169004	1	1	4	80
0.0169005	4	1	4	80
0.0170002	1	2	4	55
0.0170002	4	2	4	55
0.0170003	7	1	4	55
0.0170004	1	1	4	80
0.0170005	4	1	4	80
0.0171002	1	2	4	55
0.0171002	4	2	4	55
0.0171003	7	1	4	55
0.0171004	1	1	4	80
0.0171005	4	1	4	80
0.0172002	1	2	4	55
0.0172002	4	2	4	55
0.0172003	7	1	4	55
0.0172004	1	1	4	80
0.0172005	4	1	4	80
0.0173002	1	2	4	55
0.0173002	4	2	4	55
0.0173003	7	1	4	55
0.0173004	1	1	4	80
0.0173005	4	1	4	80
0.0174002	1	2	4	55
0.0174002	4	2	4	55
0.0174003	7	1	4	55
0.0174004	1	1	4	80
0.0174005	4	1	4	80
0.0175002	1	2	4	55
0.0175002	4	2	4	55
0.0175003	7	1	4	55
0.0175004	1	1	4	80
0.0175005	4	1	4	80
0.0176002	1	2	4	55
0.0176002	4	2	4	55
0.0176003	7	1	4	55
0.0176004	1	1	4	80
0.0176005	4	1	4	80
0.0177002	1	2	4	55
0.0177002	4	2	4	55
0.0177003	7	1	4	55
0.0177004	1	1	4	80
0.0177005	4	1	4	80
0.0178002	1	2	4	55
0.0178002	4	2	4	55
0.0178003	7	1	4	55
0.0178004	1	1	4	80
0.0178005	4	1	4	80
0.0179002	1	2	4	55
0.0179002	4	2	4	55
0.0179003	7	1	4	55
0.0179004	1	1	4	80
0.0179005	4	1	4	80
0.0180002	1	2	4	55
0.0180002	4	2	4	55
0.0180003	7	1	4	55
0.0180004	1	1	4	80
0.0180005	4	1	4	80
0.0181002	1	2	4	55
0.0181002	4	2	4	55
0.0181003	7	1	4	55
0.0181004	1	1	4	80
0.0181005	4	1	4	80
0.0182002	1	2	4	55
0.0182002	4	2	4	55
0.0182003	7	1	4	55
0.0182004	1	1	4	80
0.0182005	4	1	4	80
0.0183002	1	2	4	55
0.0183002	4	2	4	55
0.0183003	7	1	4	55
0.0183004	1	1	4	80
0.0183005	4	1	4	80
0.0184002	1	2	4	55
0.0184002	4	2	4	55
0.0184003	7	1	4	55
0.0184004	1	1	4	80
0.0184005	4	1	4	80
0.0185002	1	2	4	55
0.0185002	4	2	4	55
0.0185003	7	1	4	55
0.0185004	1	1	4	80
0.0185005	4	1	4	80
0.0186002	1	2	4	55
0.0186002	4	2	4	55
0.0186003	7	1	4	55
0.0186004	1	1	4	80
0.0186005	4	1	4	80
0.0187002	1	2	4	55
0.0187002	4	2	4	55
0.0187003	7	1	4	55
0.0187004	1	1	4	80
0.0187005	4	1	4	80
0.0188002	1	2	4	55
0.0188002	4	2	4	55
0.0188003	7	1	4	55
0.0188004	1	1	4	80
0.0188005	4	1	4	80
0.0189002	1	2	4	55
0.0189002	4	2	4	55
0.0189003	7	1	4	55
0.0189004	1	1	4	80
0.0189005	4	1	4	80
0.0190002	1	2	4	55
0.0190002	4	2	4	55
0.0190003	7	1	4	55
0.0190004	1	1	4	80
0.0190005	4	1	4	80
0.0191002	1	2	4	55
0.0191002	4	2	4	55
0.0191003	7	1	4	55
0.0191004	1	1	4	80
0.0191005	4	1	4	80
0.0192002	1	2	4	55
0.0192002	4	2	4	55
0.0192003	7	1	4	55
0.0192004	1	1	4	80
0.0192005	4	1	4	80
0.0193002	1	2	4	55
0.0193002	4	2	4	55
0.0193003	7	1	4	55
0.0193004	1	1	4	80
0.0193005	4	1	4	80
0.0194002	1	2	4	55
0.0194002	4	2	4	55
0.0194003	7	1	4	55
0.0194004	1	1	4	80
0.0194005	4	1	4	80
0.0195002	1	2	4	55
0.0195002	4	2	4	55
0.0195003	7	1	4	55
0.0195004	1	1	4	80
0.0195005	4	1	4	80
0.0196002	1	2	4	55
0.0196002	4	2	4	55
0.0196003	7	1	4	55
0.0196004	1	1	4	80
0.0196005	4	1	4	80
0.0197002	1	2	4	55
0.0197002	4	2	4	55
0.0197003	7	1	4	55
0.0197004	1	1	4	80
0.0197005	4	1	4	80
0.0198002	1	2	4	55
0.0198002	4	2	4	55
0.0198003	7	1	4	55
0.0198004	1	1	4	80
0.0198005	4	1	4	80
0.0199002	1	2	4	55
0.0199002	4	2	4	55
0.0199003	7	1	4	55
0.0199004	1	1	4	80
0.0199005	4	1	4	80
0.0200002	1	2	4	55
0.0200002	4	2	4	55
0.0200003	7	1	4	55
0.0200004	1	1	4	80
0.0200005	4	1	4	80
0.0201002	1	2	4	55
0.0201002	4	2	4	55
0.0201003	7	1	4	55
0.0201004	1	1	4	80
0.0201005	4	1	4	80
0.0202002	1	2	4	55
0.0202002	4	2	4	55
0.0202003	7	1	4	55
0.0202004	1	1	4	80
0.0202005	4	1	4	80
0.0203002	1	2	4	55
0.0203002	4	2	4	55
0.0203003	7	1	4	55
0.0203004	1	1	4	80
0.0203005	4	1	4	80
0.0204002	1	2	4	55
0.0204002	4	2	4	55
0.0204003	7	1	4	55
0.0204004	1	1	4	80
0.0204005	4	1	4	80
0.0205002	1	2	4	55
0.0205002	4	2	4	55
0.0205003	7	1	4	55
0.0205004	1	1	4	80
0.0205005	4	1	4	80
0.0206002	1	2	4	55
0.0206002	4	2	4	55
0.0206003	7	1	4	55
0.0206004	1	1	4	80
0.0206005	4	1	4	80
0.0207002	1	2	4	55
0.0207002	4	2	4	55
0.0207003	7	1	4	55
0.0207004	1	1	4	80
0.0207005	4	1	4	80
0.0208002	1	2	4	55
0.0208002	4	2	4	55
0.0208003	7	1	4	55
0.0208004	1	1	4	80
0.0208005	4	1	4	80
0.0209002	1	2	4	55
0.0209002	4	2	4	55
0.0209003	7	1	4	55
0.0209004	1	1	4	80
0.0209005	4	1	4	80
0.0210002	1	2	4	55
0.0210002	4	2	4	55
0.0210003	7	1	4	55
0.0210004	1	1	4	80
0.0210005	4	1	4	80
0.0211002	1	2	4	55
0.0211002	4	2	4	55
0.0211003	7	1	4	55
0.0211004	1	1	4	80
0.0211005	4	1	4	80
0.0212002	1	2	4	55
0.0212002	4	2	4	55
0.0212003	7	1	4	55
0.0212004	1	1	4	80
0.0212005	4	1	4	80
0.0213002	1	2	4	55
0.0213002	4	2	4	55
0.0213003	7	1	4	55
0.0213004	1	1	4	80
0.0213005	4	1	4	80
0.0214002	1	2	4	55
0.0214002	4	2	4	55
0.0214003	7	1	4	55
0.0214004	1	1	4	80
0.0214005	4	1	4	80
0.0215002	1	2	4	55
0.0215002	4	2	4	55
0.0215003	7	1	4	55
0.0215004	1	1	4	80
0.0215005	4	1	4	80
0.0216002	1	2	4	55
0.0216002	4	2	4	55
0.0216003	7	1	4	55
0.0216004	1	1	4	80
0.0216005	4	1	4	80
0.0217002	1	2	4	55
0.0217002	4	2	4	55
0.0217003	7	1	4	55
0.0217004	1	1	4	80
0.0217005	4	1	4	80
0.0218002	1	2	4	55
0.0218002	4	2	4	55
0.0218003	7	1	4	55
0.0218004	1	1	4	80
0.0218005	4	1	4	80
0.0219002	1	2	4	55
0.0219002	4	2	4	55
0.0219003	7	1	4	55
0.0219004	1	1	4	80
0.0219005	4	1	4	80
0.0220002	1	2	4	55
0.0220002	4	2	4	55
0.0220003	7	1	4	55
0.0220004	1	1	4	80
0.0220005	4	1	4	80
0.0221002	1	2	4	55
0.0221002	4	2	4	55
0.0221003	7	1	4	55
0.0221004	1	1	4	80
0.0221005	4	1	4	80
0.0222002	1	2	4	55
0.0222002	4	2	4	55
0.0222003	7	1	4	55
0.0222004	1	1	4	80
0.0222005	4	1	4	80
0.0223002	1	2	4	55
0.0223002	4	2	4	55
0.0223003	7	1	4	55
0.0223004	1	1	4	80
0.0223005	4	1	4	80
0.0224002	1	2	4	55
0.0224002	4	2	4	55
0.0224003	7	1	4	55
0.0224004	1	1	4	80
0.0224005	4	1	4	80
0.0225002	1	2	4	55
0.0225002	4	2	4	55
0.0225003	7	1	4	55
0.0225004	1	1	4	80
0.0225005	4	1	4	80
0.0226002	1	2	4	55
0.0226002	4	2	4	55
0.0226003	7	1	4	55
0.0226004	1	1	4	80
0.0226005	4	1	4	80
0.0227002	1	2	4	55
0.0227002	4	2	4	55
0.0227003	7	1	4	55
0.0227004	1	1	4	80
0.0227005	4	1	4	80
0.0228002	1	2	4	55
0.0228002	4	2	4	55
0.0228003	7	1	4	55
0.0228004	1	1	4	80
0.0228005	4	1	4	80
0.0229002	1	2	4	55
0.0229002	4	2	4	55
0.0229003	7	1	4	55
0.0229004	1	1	4	80
0.0229005	4	1	4	80
0.0230002	1	2	4	55
0.0230002	4	2	4	55
0.0230003	7	1	4	55
0.0230004	1	1	4	80
0.0230005	4	1	4	80
0.0231002	1	2	4	55
0.0231002	4	2	4	55
0.0231003	7	1	4	55
0.0231004	1	1	4	80
0.0231005	4	1	4	80
0.0232002	1	2	4	55
0.0232002	4	2	4	55
0.0232003	7	1	4	55
0.0232004	1	1	4	80
0.0232005	4	1	4	80
0.0233002	1	2	4	55
0.0233002	4	2	4	55
0.0233003	7	1	4	55
0.0233004	1	1	4	80
0.0233005	4	1	4	80
0.0234002	1	2	4	55
0.0234002	4	2	4	55
0.0234003	7	1	4	55
0.0234004	1	1	4	80
0.0234005	4	1	4	80
0.0235002	1	2	4	55
0.0235002	4	2	4	55
0.0235003	7	1	4	55
0.0235004	1	1	4	80
0.0235005	4	1	4	80
0.0236002	1	2	4	55
0.0236002	4	2	4	55
0.0236003	7	1	4	55
0.0236004	1	1	4	80
0.0236005	4	1	4	80
0.0237002	1	2	4	55
0.0237002	4	2	4	55
0.0237003	7	1	4	55
0.0237004	1	1	4	80
0.0237005	4	1	4	80
0.0238002	1	2	4	55
0.0238002	4	2	4	55
0.0238003	7	1	4	55
0.0238004	1	1	4	80
0.0238005	4	1	4	80
0.0239002	1	2	4	55
0.0239002	4	2	4	55
0.0239003	7	1	4	55
0.0239004	1	1	4	80
0.0239005	4	1	4	80
0.0240002	1	2	4	55
0.0240002	4	2	4	55
0.0240003	7	1	4	55
0.0240004	1	1	4	80
0.0240005	4	1	4	80
0.0241002	1	2	4	55
0.0241002	4	2	4	55
0.0241003	7	1	4	55
0.0241004	1	1	4	80
0.0241005	4	1	4	80
0.0242002	1	2	4	55
0.0242002	4	2	4	55
0.0242003	7	1	4	55
0.0242004	1	1	4	80
0.0242005	4	1	4	80
0.0243002	1	2	4	55
0.0243002	4	2	4	55
0.0243003	7	1	4	55
0.0243004	1	1	4	80
0.0243005	4	1	4	80
0.0244002	1	2	4	55
0.0244002	4	2	4	55
0.0244003	7	1	4	55
0.0244004	1	1	4	80
0.0244005	4	1	4	80
0.0245002	1	2	4	55
0.0245002	4	2	4	55
0.0245003	7	1	4	55
0.0245004	1	1	4	80
0.0245005	4	1	4	80
0.0246002	1	2	4	55
0.0246002	4	2	4	55
0.0246003	7	1	4	55
0.0246004	1	1	4	80
0.0246005	4	1	4	80
0.0247002	1	2	4	55
0.0247002	4	2	4	55
0.0247003	7	1	4	55
0.0247004	1	1	4	80
0.0247005	4	1	4	80
0.0248002	1	2	4	55
0.0248002	4	2	4	55
0.0248003	7	1	4	55
0.0248004	1	1	4	80
0.0248005	4	1	4	80
0.0249002	1	2	4	55
0.0249002	4	2	4	55
0.0249003	7	1	4	55
0.0249004	1	1	4	80
0.0249005	4	1	4	80
0.0250002	1	2	4	55
0.0250002	4	2	4	55
0.0250003	7	1	4	55
0.0250004	1	1	4	80
0.0250005	4	1	4	80
0.0251002	1	2	4	55
0.0251002	4	2	4	55
0.0251003	7	1	4	55
0.0251004	1	1	4	80
0.0251005	4	1	4	80
0.0252002	1	2	4	55
0.0252002	4	2	4	55
0.0252003	7	1	4	55
0.0252004	1	1	4	80
0.0252005	4	1	4	80
0.0253002	1	2	4	55
0.0253002	4	2	4	55
0.0253003	7	1	4	55
0.0253004	1	1	4	80
0.0253005	4	1	4	80
0.0254002	1	2	4	55
0.0254002	4	2	4	55
0.0254003	7	1	4	55
0.0254004	1	1	4	80
0.0254005	4	1	4	80
0.0255002	1	2	4	55
0.0255002	4	2	4	55
0.0255003	7	1	4	55
0.0255004	1	1	4	80
0.0255005	4	1	4	80
0.0256002	1	2	4	55
0.0256002	4	2	4	55
0.0256003	7	1	4	55
0.0256004	1	1	4	80
0.0256005	4	1	4	80
0.0257002	1	2	4	55
0.0257002	4	2	4	55
0.0257003	7	1	4	55
0.0257004	1	1	4	80
0.0257005	4	1	4	80
0.0258002	1	2	4	55
0.0258002	4	2	4	55
0.0258003	7	1	4	55
0.0258004	1	1	4	80
0.0258005	4	1	4	80
0.0259002	1	2	4	55
0.0259002	4	2	4	55
0.0259003	7	1	4	55
0.0259004	1	1	4	80
0.0259005	4	1	4	80
0.0260002	1	2	4	55
0.0260002	4	2	4	55
0.0260003	7	1	4	55
0.0260004	1	1	4	80
0.0260005	4	1	4	80
0.0261002	1	2	4	55
0.0261002	4	2	4	55
0.0261003	7	1	4	55
0.0261004	1	1	4	80
0.0261005	4	1	4	80
0.0262002	1	2	4	55
0.0262002	4	2	4	55
0.0262003	7	1	4	55
0.0262004	1	1	4	80
0.0262005	4	1	4	80
0.0263002	1	2	4	55
0.0263002	4	2	4	55
0.0263003	7	1	4	55
0.0263004	1	1	4	80
0.0263005	4	1	4	80
0.0264002	1	2	4	55
0.0264002	4	2	4	55
0.0264003	7	1	4	55
0.0264004	1	1	4	80
0.0264005	4	1	4	80
0.0265002	1	2	4	55
0.0265002	4	2	4	55
0.0265003	7	1	4	55
0.0265004	1	1	4	80
0.0265005	4	1	4	80
0.0266002	1	2	4	55
0.0266002	4	2	4	55
0.0266003	7	1	4	55
0.0266004	1	1	4	80
0.0266005	4	1	4	80
0.0267002	1	2	4	55
0.0267002	4	2	4	55
0.0267003	7	1	4	55
0.0267004	1	1	4	80
0.0267005	4	1	4	80
0.0268002	1	2	4	55
0.0268002	4	2	4	55
0.0268003	7	1	4	55
0.0268004	1	1	4	80
0.0268005	4	1	4	80
0.0269002	1	2	4	55
0.0269002	4	2	4	55
0.0269003	7	1	4	55
0.0269004	1	1	4	80
0.0269005	4	1	4	80
0.0270002	1	2	4	55
0.0270002	4	2	4	55
0.0270003	7	1	4	55
0.0270004	1	1	4	80
0.0270005	4	1	4	80
0.0271002	1	2	4	55
0.0271002	4	2	4	55
0.0271003	7	1	4	55
0.0271004	1	1	4	80
0.0271005	4	1	4	80
0.0272002	1	2	4	55
0.0272002	4	2	4	55
0.0272003	7	1	4	55
0.0272004	1	1	4	80
0.0272005	4	1	4	80
0.0273002	1	2	4	55
0.0273002	4	2	4	55
0.0273003	7	1	4	55
0.0273004	1	1	4	80
0.0273005	4	1	4	80
0.0274002	1	2	4	55
0.0274002	4	2	4	55
0.0274003	7	1	4	55
0.0274004	1	1	4	80
0.0274005	4	1	4	80
0.0275002	1	2	4	55
0.0275002	4	2	4	55
0.0275003	7	1	4	55
0.0275004	1	1	4	80
0.0275005	4	1	4	80
0.0276002	1	2	4	55
0.0276002	4	2	4	55
0.0276003	7	1	4	55
0.0276004	1	1	4	80
0.0276005	4	1	4	80
0.0277002	1	2	4	55
0.0277002	4	2	4	55
0.0277003	7	1	4	55
0.0277004	1	1	4	80
0.0277005	4	1	4	80
0.0278002	1	2	4	55
0.0278002	4	2	4	55
0.0278003	7	1	4	55
0.0278004	1	1	4	80
0.0278005	4	1	4	80
0.0279002	1	2	4	55
0.0279002	4	2	4	55
0.0279003	7	1	4	55
0.0279004	1	1	4	80
0.0279005	4	1	4	80
0.0280002	1	2	4	55
0.0280002	4	2	4	55
0.0280003	7	1	4	55
0.0280004	1	1	4	80
0.0280005	4	1	4	80
0.0281002	1	2	4	55
0.0281002	4	2	4	55
0.0281003	7	1	4	55
0.0281004	1	1	4	80
0.0281005	4	1	4	80
0.0282002	1	2	4	55
0.0282002	4	2	4	55
0.0282003	7	1	4	55
0.0282004	1	1	4	80
0.0282005	4	1	4	80
0.0283002	1	2	4	55
0.0283002	4	2	4	55
0.0283003	7	1	4	55
0.0283004	1	1	4	80
0.0283005	4	1	4	80
0.0284002	1	2	4	55
0.0284002	4	2	4	55
0.0284003	7	1	4	55
0.0284004	1	1	4	80
0.0284005	4	1	4	80
0.0285002	1	2	4	55
0.0285002	4	2	4	55
0.0285003	7	1	4	55
0.0285004	1	1	4	80
0.0285005	4	1	4	80
0.0286002	1	2	4	55
0.0286002	4	2	4	55
0.0286003	7	1	4	55
0.0286004	1	1	4	80
0.0286005	4	1	4	80
0.0287002	1	2	4	55
0.0287002	4	2	4	55
0.0287003	7	1	4	55
0.0287004	1	1	4	80
0.0287005	4	1	4	80
0.0288002	1	2	4	55
0.0288002	4	2	4	55
0.0288003	7	1	4	55
0.0288004	1	1	4	80
0.0288005	4	1	4	80
0.0289002	1	2	4	55
0.0289002	4	2	4	55
0.0289003	7	1	4	55
0.0289004	1	1	4	80
0.0289005	4	1	4	80
0.0290002	1	2	4	55
0.0290002	4	2	4	55
0.0290003	7	1	4	55
0.0290004	1	1	4	80
0.0290005	4	1	4	80
0.0291002	1	2	4	55
0.0291002	4	2	4	55
0.0291003	7	1	4	55
0.0291004	1	1	4	80
0.0291005	4	1	4	80
0.0292002	1	2	4	55
0.0292002	4	2	4	55
0.0292003	7	1	4	55
0.0292004	1	1	4	80
0.0292005	4	1	4	80
0.0293002	1	2	4	55
0.0293002	4	2	4	55
0.0293003	7	1	4	55
0.0293004	1	1	4	80
0.0293005	4	1	4	80
0.0294002	1	2	4	55
0.0294002	4	2	4	55
0.0294003	7	1	4	55
0.0294004	1	1	4	80
0.0294005	4	1	4	80
0.0295002	1	2	4	55
0.0295002	4	2	4	55
0.0295003	7	1	4	55
0.0295004	1	1	4	80
0.0295005	4	1	4	80
0.0296002	1	2	4	55
0.0296002	4	2	4	55
0.0296003	7	1	4	55
0.0296004	1	1	4	80
0.0296005	4	1	4	80
0.0297002	1	2	4	55
0.0297002	4	2	4	55
0.0297003	7	1	4	55
0.0297004	1	1	4	80
0.0297005	4	1	4	80
0.0298002	1	2	4	55
0.0298002	4	2	4	55
0.0298003	7	1	4	55
0.0298004	1	1	4	80
0.0298005	4	1	4	80
0.0299002	1	2	4	55
0.0299002	4	2	4	55
0.0299003	7	1	4	55
0.0299004	1	1	4	80
0.0299005	4	1	4	80
0.0300002	1	2	4	55
0.0300002	4	2	4	55
0.0300003	7	1	4	55
0.0300004	1	1	4	80
0.0300005	4	1	4	80
0.0301002	1	2	4	55
0.0301002	4	2	4	55
0.0301003	7	1	4	55
0.0301004	1	1	4	80
0.0301005	4	1	4	80
0.0302002	1	2	4	55
0.0302002	4	2	4	55
0.0302003	7	1	4	55
0.0302004	1	1	4	80
0.0302005	4	1	4	80
0.0303002	1	2	4	55
0.0303002	4	2	4	55
0.0303003	7	1	4	55
0.0303004	1	1	4	80
0.0303005	4	1	4	80
0.0304002	1	2	4	55
0.0304002	4	2	4	55
0.0304003	7	1	4	55
0.0304004	1	1	4	80
0.0304005	4	1	4	80
0.0305002	1	2	4	55
0.0305002	4	2	4	55
0.0305003	7	1	4	55
0.0305004	1	1	4	80
0.0305005	4	1	4	80
0.0306002	1	2	4	55
0.0306002	4	2	4	55
0.0306003	7	1	4	55
0.0306004	1	1	4	80
0.0306005	4	1	4	80
0.0307002	1	2	4	55
0.0307002	4	2	4	55
0.0307003	7	1	4	55
0.0307004	1	1	4	80
0.0307005	4	1	4	80
0.0308002	1	2	4	55
0.0308002	4	2	4	55
0.0308003	7	1	4	55
0.0308004	1	1	4	80
0.0308005	4	1	4	80
0.0309002	1	2	4	55
0.0309002	4	2	4	55
0.0309003	7	1	4	55
0.0309004	1	1	4	80
0.0309005	4	1	4	80
0.0310002	1	2	4	55
0.0310002	4	2	4	55
0.0310003	7	1	4	55
0.0310004	1	1	4	80
0.0310005	4	1	4	80
0.0311002	1	2	4	55
0.0311002	4	2	4	55
0.0311003	7	1	4	55
0.0311004	1	1	4	80
0.0311005	4	1	4	80
0.0312002	1	2	4	55
0.0312002	4	2	4	55
0.0312003	7	1	4	55
0.0312004	1	1	4	80
0.0312005	4	1	4	80
0.0313002	1	2	4	55
0.0313002	4	2	4	55
0.0313003	7	1	4	55
0.0313004	1	1	4	80
0.0313005	4	1	4	80
0.0314002	1	2	4	55
0.0314002	4	2	4	55
0.0314003	7	1	4	55
0.0314004	1	1	4	80
0.0314005	4	1	4	80
0.0315002	1	2	4	55
0.0315002	4	2	4	55
0.0315003	7	1	4	55
0.0315004	1	1	4	80
0.0315005	4	1	4	80
0.0316002	1	2	4	55
0.0316002	4	2	4	55
0.0316003	7	1	4	55
0.0316004	1	1	4	80
0.0316005	4	1	4	80
0.0317002	1	2	4	55
0.0317002	4	2	4	55
0.0317003	7	1	4	55
0.0317004	1	1	4	80
0.0317005	4	1	4	80
0.0318002	1	2	4	55
0.0318002	4	2	4	55
0.0318003	7	1	4	55
0.0318004	1	1	4	80
0.0318005	4	1	4	80
0.0319002	1	2	4	55
0.0319002	4	2	4	55
0.0319003	7	1	4	55
0.0319004	1	1	4	80
0.0319005	4	1	4	80
0.0320002	1	2	4	55
0.0320002	4	2	4	55
0.0320003	7	1	4	55
0.0320004	1	1	4	80
0.0320005	4	1	4	80
0.0321002	1	2	4	55
0.0321002	4	2	4	55
0.0321003	7	1	4	55
0.0321004	1	1	4	80
0.0321005	4	1	4	80
0.0322002	1	2	4	55
0.0322002	4	2	4	55
0.0322003	7	1	4	55
0.0322004	1	1	4	80
0.0322005	4	1	4	80
0.0323002	1	2	4	55
0.0323002	4	2	4	55
0.0323003	7	1	4	55
0.0323004	1	1	4	80
0.0323005	4	1	4	80
0.0324002	1	2	4	55
0.0324002	4	2	4	55
0.0324003	7	1	4	55
0.0324004	1	1	4	80
0.0324005	4	1	4	80
0.0325002	1	2	4	55
0.0325002	4	2	4	55
0.0325003	7	1	4	55
0.0325004	1	1	4	80
0.0325005	4	1	4	80
0.0326002	1	2	4	55
0.0326002	4	2	4	55
0.0326003	7	1	4	55
0.0326004	1	1	4	80
0.0326005	4	1	4	80
0.0327002	1	2	4	55
0.0327002	4	2	4	55
0.0327003	7	1	4	55
0.0327004	1	1	4	80
0.0327005	4	1	4	80
0.0328002	1	2	4	55
0.0328002	4	2	4	55
0.0328003	7	1	4	55
0.0328004	1	1	4	80
0.0328005	4	1	4	80
0.0329002	1	2	4	55
0.0329002	4	2	4	55
0.0329003	7	1	4	55
0.0329004	1	1	4	80
0.0329005	4	1	4	80
0.0330002	1	2	4	55
0.0330002	4	2	4	55
0.0330003	7	1	4	55
0.0330004	1	1	4	80
0.0330005	4	1	4	80
0.0331002	1	2	4	55
0.0331002	4	2	4	55
0.0331003	7	1	4	55
0.0331004	1	1	4	80
0.0331005	4	1	4	80
0.0332002	1	2	4	55
0.0332002	4	2	4	55
0.0332003	7	1	4	55
0.0332004	1	1	4	80
0.0332005	4	1	4	80
0.0333002	1	2	4	55
0.0333002	4	2	4	55
0.0333003	7	1	4	55
0.0333004	1	1	4	80
0.0333005	4	1	4	80
0.0334002	1	2	4	55
0.0334002	4	2	4	55
0.0334003	7	1	4	55
0.0334004	1	1	4	80
0.0334005	4	1	4	80
0.0335002	1	2	4	55
0.0335002	4	2	4	55
0.0335003	7	1	4	55
0.0335004	1	1	4	80
0.0335005	4	1	4	80
0.0336002	1	2	4	55
0.0336002	4	2	4	55
0.0336003	7	1	4	55
0.0336004	1	1	4	80
0.0336005	4	1	4	80
0.0337002	1	2	4	55
0.0337002	4	2	4	55
0.0337003	7	1	4	55
0.0337004	1	1	4	80
0.0337005	4	1	4	80
0.0338002	1	2	4	55
0.0338002	4	2	4	55
0.0338003	7	1	4	55
0.0338004	1	1	4	80
0.0338005	4	1	4	80
0.0339002	1	2	4	55
0.0339002	4	2	4	55
0.0339003	7	1	4	55
0.0339004	1	1	4	80
0.0339005	4	1	4	80
0.0340002	1	2	4	55
0.0340002	4	2	4	55
0.0340003	7	1	4	55
0.0340004	1	1	4	80
0.0340005	4	1	4	80
0.0341002	1	2	4	55
0.0341002	4	2	4	55
0.0341003	7	1	4	55
0.0341004	1	1	4	80
0.0341005	4	1	4	80
0.0342002	1	2	4	55
0.0342002	4	2	4	55
0.0342003	7	1	4	55
0.0342004	1	1	4	80
0.0342005	4	1	4	80
0.0343002	1	2	4	55
0.0343002	4	2	4	55
0.0343003	7	1	4	55
0.0343004	1	1	4	80
0.0343005	4	1	4	80
0.0344002	1	2	4	55
0.0344002	4	2	4	55
0.0344003	7	1	4	55
0.0344004	1	1	4	80
0.0344005	4	1	4	80
0.0345002	1	2	4	55
0.0345002	4	2	4	55
0.0345003	7	1	4	55
0.0345004	1	1	4	80
0.0345005	4	1	4	80
0.0346002	1	2	4	55
0.0346002	4	2	4	55
0.0346003	7	1	4	55
0.0346004	1	1	4	80
0.0346005	4	1	4	80
0.0347002	1	2	4	55
0.0347002	4	2	4	55
0.0347003	7	1	4	55
0.0347004	1	1	4	80
0.0347005	4	1	4	80
0.0348002	1	2	4	55
0.0348002	4	2	4	55
0.0348003	7	1	4	55
0.0348004	1	1	4	80
0.0348005	4	1	4	80
0.0349002	1	2	4	55
0.0349002	4	2	4	55
0.0349003	7	1	4	55
0.0349004	1	1	4	80
0.0349005	4	1	4	80
0.0350002	1	2	4	55
0.0350002	4	2	4	55
0.0350003	7	1	4	55
0.0350004	1	1	4	80
0.0350005	4	1	4	80
0.0351002	1	2	4	55
0.0351002	4	2	4	55
0.0351003	7	1	4	55
0.0351004	1	1	4	80
0.0351005	4	1	4	80
0.0352002	1	2	4	55
0.0352002	4	2	4	55
0.0352003	7	1	4	55
0.0352004	1	1	4	80
0.0352005	4	1	4	80
0.0353002	1	2	4	55
0.0353002	4	2	4	55
0.0353003	7	1	4	55
0.0353004	1	1	4	80
0.0353005	4	1	4	80
0.0354002	1	2	4	55
0.0354002	4	2	4	55
0.0354003	7	1	4	55
0.0354004	1	1	4	80
0.0354005	4	1	4	80
0.0355002	1	2	4	55
0.0355002	4	2	4	55
0.0355003	7	1	4	55
0.0355004	1	1	4	80
0.0355005	4	1	4	80
0.0356002	1	2	4	55
0.0356002	4	2	4	55
0.0356003	7	1	4	55
0.0356004	1	1	4	80
0.0356005	4	1	4	80
0.0357002	1	2	4	55
0.0357002	4	2	4	55
0.0357003	7	1	4	55
0.0357004	1	1	4	80
0.0357005	4	1	4	80
0.0358002	1	2	4	55
0.0358002	4	2	4	55
0.0358003	7	1	4	55
0.0358004	1	1	4	80
0.0358005	4	1	4	80
0.0359002	1	2	4	55
0.0359002	4	2	4	55
0.0359003	7	1	4	55
0.0359004	1	1	4	80
0.0359005	4	1	4	80
0.0360002	1	2	4	55
0.0360002	4	2	4	55
0.0360003	7	1	4	55
0.0360004	1	1	4	80
0.0360005	4	1	4	80
0.0361002	1	2	4	55
0.0361002	4	2	4	55
0.0361003	7	1	4	55
0.0361004	1	1	4	80
0.0361005	4	1	4	80
0.0362002	1	2	4	55
0.0362002	4	2	4	55
0.0362003	7	1	4	55
0.0362004	1	1	4	80
0.0362005	4	1	4	80
0.0363002	1	2	4	55
0.0363002	4	2	4	55
0.0363003	7	1	4	55
0.0363004	1	1	4	80
0.0363005	4	1	4	80
0.0364002	1	2	4	55
0.0364002	4	2	4	55
0.0364003	7	1	4	55
0.0364004	1	1	4	80
0.0364005	4	1	4	80
0.0365002	1	2	4	55
0.0365002	4	2	4	55
0.0365003	7	1	4	55
0.0365004	1	1	4	80
0.0365005	4	1	4	80
0.0366002	1	2	4	55
0.0366002	4	2	4	55
0.0366003	7	1	4	55
0.0366004	1	1	4	80
0.0366005	4	1	4	80
0.0367002	1	2	4	55
0.0367002	4	2	4	55
0.0367003	7	1	4	55
0.0367004	1	1	4	80
0.0367005	4	1	4	80
0.0368002	1	2	4	55
0.0368002	4	2	4	55
0.0368003	7	1	4	55
0.0368004	1	1	4	80
0.0368005	4	1	4	80
0.0369002	1	2	4	55
0.0369002	4	2	4	55
0.0369003	7	1	4	55
0.0369004	1	1	4	80
0.0369005	4	1	4	80
0.0370002	1	2	4	55
0.0370002	4	2	4	55
0.0370003	7	1	4	55
0.0370004	1	1	4	80
0.0370005	4	1	4	80
0.0371002	1	2	4	55
0.0371002	4	2	4	55
0.0371003	7	1	4	55
0.0371004	1	1	4	80
0.0371005	4	1	4	80
0.0372002	1	2	4	55
0.0372002	4	2	4	55
0.0372003	7	1	4	55
0.0372004	1	1	4	80
0.0372005	4	1	4	80
0.0373002	1	2	4	55
0.0373002	4	2	4	55
0.0373003	7	1	4	55
0.0373004	1	1	4	80
0.0373005	4	1	4	80
0.0374002	1	2	4	55
0.0374002	4	2	4	55
0.0374003	7	1	4	55
0.0374004	1	1	4	80
0.0374005	4	1	4	80
0.0375002	1	2	4	55
0.0375002	4	2	4	55
0.0375003	7	1	4	55
0.0375004	1	1	4	80
0.0375005	4	1	4	80
0.0376002	1	2	4	55
0.0376002	4	2	4	55
0.0376003	7	1	4	55
0.0376004	1	1	4	80
0.0376005	4	1	4	80
0.0377002	1	2	4	55
0.0377002	4	2	4	55
0.0377003	7	1	4	55
0.0377004	1	1	4	80
0.0377005	4	1	4	80
0.0378002	1	2	4	55
0.0378002	4	2	4	55
0.0378003	7	1	4	55
0.0378004	1	1	4	80
0.0378005	4	1	4	80
0.0379002	1	2	4	55
0.0379002	4	2	4	55
0.0379003	7	1	4	55
0.0379004	1	1	4	80
0.0379005	4	1	4	80
0.0380002	1	2	4	55
0.0380002	4	2	4	55
0.0380003	7	1	4	55
0.0380004	1	1	4	80
0.0380005	4	1	4	80
0.0381002	1	2	4	55
0.0381002	4	2	4	55
0.0381003	7	1	4	55
0.0381004	1	1	4	80
0.0381005	4	1	4	80
0.0382002	1	2	4	55
0.0382002	4	2	4	55
0.0382003	7	1	4	55
0.0382004	1	1	4	80
0.0382005	4	1	4	80
0.0383002	1	2	4	55
0.0383002	4	2	4	55
0.0383003	7	1	4	55
0.0383004	1	1	4	80
0.0383005	4	1	4	80
0.0384002	1	2	4	55
0.0384002	4	2	4	55
0.0384003	7	1	4	55
0.0384004	1	1	4	80
0.0384005	4	1	4	80
0.0385002	1	2	4	55
0.0385002	4	2	4	55
0.0385003	7	1	4	55
0.0385004	1	1	4	80
0.0385005	4	1	4	80
0.0386002	1	2	4	55
0.0386002	4	2	4	55
0.0386003	7	1	4	55
0.0386004	1	1	4	80
0.0386005	4	1	4	80
0.0387002	1	2	4	55
0.0387002	4	2	4	55
0.0387003	7	1	4	55
0.0387004	1	1	4	80
0.0387005	4	1	4	80
0.0388002	1	2	4	55
0.0388002	4	2	4	55
0.0388003	7	1	4	55
0.0388004	1	1	4	80
0.0388005	4	1	4	80
0.0389002	1	2	4	55
0.0389002	4	2	4	55
0.0389003	7	1	4	55
0.0389004	1	1	4	80
0.0389005	4	1	4	80
0.0390002	1	2	4	55
0.0390002	4	2	4	55
0.0390003	7	1	4	55
0.0390004	1	1	4	80
0.0390005	4	1	4	80
0.0391002	1	2	4	55
0.0391002	4	2	4	55
0.0391003	7	1	4	55
0.0391004	1	1	4	80
0.0391005	4	1	4	80
0.0392002	1	2	4	55
0.0392002	4	2	4	55
0.0392003	7	1	4	55
0.0392004	1	1	4	80
0.0392005	4	1	4	80
0.0393002	1	2	4	55
0.0393002	4	2	4	55
0.0393003	7	1	4	55
0.0393004	1	1	4	80
0.0393005	4	1	4	80
0.0394002	1	2	4	55
0.0394002	4	2	4	55
0.0394003	7	1	4	55
0.0394004	1	1	4	80
0.0394005	4	1	4	80
0.0395002	1	2	4	55
0.0395002	4	2	4	55
0.0395003	7	1	4	55
0.0395004	1	1	4	80
0.0395005	4	1	4	80
0.0396002	1	2	4	55
0.0396002	4	2	4	55
0.0396003	7	1	4	55
0.0396004	1	1	4	80
0.0396005	4	1	4	80
0.0397002	1	2	4	55
0.0397002	4	2	4	55
0.0397003	7	1	4	55
0.0397004	1	1	4	80
0.0397005	4	1	4	80
0.0398002	1	2	4	55
0.0398002	4	2	4	55
0.0398003	7	1	4	55
0.0398004	1	1	4	80
0.0398005	4	1	4	80
0.0399002	1	2	4	55
0.0399002	4	2	4	55
0.0399003	7	1	4	55
0.0399004	1	1	4	80
0.0399005	4	1	4	80
0.0400002	1	2	4	55
0.0400002	4	2	4	55
0.0400003	7	1	4	55
0.0400004	1	1	4	80
0.0400005	4	1	4	80
0.0401002	1	2	4	55
0.0401002	4	2	4	55
0.0401003	7	1	4	55
0.0401004	1	1	4	80
0.0401005	4	1	4	80
0.0402002	1	2	4	55
0.0402002	4	2	4	55
0.0402003	7	1	4	55
0.0402004	1	1	4	80
0.0402005	4	1	4	80
0.0403002	1	2	4	55
0.0403002	4	2	4	55
0.0403003	7	1	4	55
0.0403004	1	1	4	80
0.0403005	4	1	4	80
0.0404002	1	2	4	55
0.0404002	4	2	4	55
0.0404003	7	1	4	55
0.0404004	1	1	4	80
0.0404005	4	1	4	80
0.0405002	1	2	4	55
0.0405002	4	2	4	55
0.0405003	7	1	4	55
0.0405004	1	1	4	80
0.0405005	4	1	4	80
0.0406002	1	2	4	55
0.0406002	4	2	4	55
0.0406003	7	1	4	55
0.0406004	1	1	4	80
0.0406005	4	1	4	80
0.0407002	1	2	4	55
0.0407002	4	2	4	55
0.0407003	7	1	4	55
0.0407004	1	1	4	80
0.0407005	4	1	4	80
0.0408002	1	2	4	55
0.0408002	4	2	4	55
0.0408003	7	1	4	55
0.0408004	1	1	4	80
0.0408005	4	1	4	80
0.0409002	1	2	4	55
0.0409002	4	2	4	55
0.0409003	7	1	4	55
0.0409004	1	1	4	80
0.0409005	4	1	4	80
0.0410002	1	2	4	55
0.0410002	4	2	4	55
0.0410003	7	1	4	55
0.0410004	1	1	4	80
0.0410005	4	1	4	80
0.0411002	1	2	4	55
0.0411002	4	2	4	55
0.0411003	7	1	4	55
0.0411004	1	1	4	80
0.0411005	4	1	4	80
0.0412002	1	2	4	55
0.0412002	4	2	4	55
0.0412003	7	1	4	55
0.0412004	1	1	4	80
0.0412005	4	1	4	80
0.0413002	1	2	4	55
0.0413002	4	2	4	55
0.0413003	7	1	4	55
0.0413004	1	1	4	80
0.0413005	4	1	4	80
0.0414002	1	2	4	55
0.0414002	4	2	4	55
0.0414003	7	1	4	55
0.0414004	1	1	4	80
0.0414005	4	1	4	80
0.0415002	1	2	4	55
0.0415002	4	2	4	55
0.0415003	7	1	4	55
0.0415004	1	1	4	80
0.0415005	4	1	4	80
0.0416002	1	2	4	55
0.0416002	4	2	4	55
0.0416003	7	1	4	55
0.0416004	1	1	4	80
0.0416005	4	1	4	80
0.0417002	1	2	4	55
0.0417002	4	2	4	55
0.0417003	7	1	4	55
0.0417004	1	1	4	80
0.0417005	4	1	4	80
0.0418002	1	2	4	55
0.0418002	4	2	4	55
0.0418003	7	1	4	55
0.0418004	1	1	4	80
0.0418005	4	1	4	80
0.0419002	1	2	4	55
0.0419002	4	2	4	55
0.0419003	7	1	4	55
0.0419004	1	1	4	80
0.0419005	4	1	4	80
0.0420002	1	2	4	55
0.0420002	4	2	4	55
0.0420003	7	1	4	55
0.0420004	1	1	4	80
0.0420005	4	1	4	80
0.0421002	1	2	4	55
0.0421002	4	2	4	55
0.0421003	7	1	4	55
0.0421004	1	1	4	80
0.0421005	4	1	4	80
0.0422002	1	2	4	55
0.0422002	4	2	4	55
0.0422003	7	1	4	55
0.0422004	1	1	4	80
0.0422005	4	1	4	80
0.0423002	1	2	4	55
0.0423002	4	2	4	55
0.0423003	7	1	4	55
0.0423004	1	1	4	80
0.0423005	4	1	4	80
0.0424002	1	2	4	55
0.0424002	4	2	4	55
0.0424003	7	1	4	55
0.0424004	1	1	4	80
0.0424005	4	1	4	80
0.0425002	1	2	4	55
0.0425002	4	2	4	55
0.0425003	7	1	4	55
0.0425004	1	1	4	80
0.0425005	4	1	4	80
0.0426002	1	2	4	55
0.0426002	4	2	4	55
0.0426003	7	1	4	55
0.0426004	1	1	4	80
0.0426005	4	1	4	80
0.0427002	1	2	4	55
0.0427002	4	2	4	55
0.0427003	7	1	4	55
0.0427004	1	1	4	80
0.0427005	4	1	4	80
0.0428002	1	2	4	55
0.0428002	4	2	4	55
0.0428003	7	1	4	55
0.0428004	1	1	4	80
0.0428005	4	1	4	80
0.0429002	1	2	4	55
0.0429002	4	2	4	55
0.0429003	7	1	4	55
0.0429004	1	1	4	80
0.0429005	4	1	4	80
0.0430002	1	2	4	55
0.0430002	4	2	4	55
0.0430003	7	1	4	55
0.0430004	1	1	4	80
0.0430005	4	1	4	80
0.0431002	1	2	4	55
0.0431002	4	2	4	55
0.0431003	7	1	4	55
0.0431004	1	1	4	80
0.0431005	4	1	4	80
0.0432002	1	2	4	55
0.0432002	4	2	4	55
0.0432003	7	1	4	55
0.0432004	1	1	4	80
0.0432005	4	1	4	80
0.0433002	1	2	4	55
0.0433002	4	2	4	55
0.0433003	7	1	4	55
0.0433004	1	1	4	80
0.0433005	4	1	4	80
0.0434002	1	2	4	55
0.0434002	4	2	4	55
0.0434003	7	1	4	55
0.0434004	1	1	4	80
0.0434005	4	1	4	80
0.0435002	1	2	4	55
0.0435002	4	2	4	55
0.0435003	7	1	4	55
0.0435004	1	1	4	80
0.0435005	4	1	4	80
0.0436002	1	2	4	55
0.0436002	4	2	4	55
0.0436003	7	1	4	55
0.0436004	1	1	4	80
0.0436005	4	1	4	80
0.0437002	1	2	4	55
0.0437002	4	2	4	55
0.0437003	7	1	4	55
0.0437004	1	1	4	80
0.0437005	4	1	4	80
0.0438002	1	2	4	55
0.0438002	4	2	4	55
0.0438003	7	1	4	55
0.0438004	1	1	4	80
0.0438005	4	1	4	80
0.0439002	1	2	4	55
0.0439002	4	2	4	55
0.0439003	7	1	4	55
0.0439004	1	1	4	80
0.0439005	4	1	4	80
0.0440002	1	2	4	55
0.0440002	4	2	4	55
0.0440003	7	1	4	55
0.0440004	1	1	4	80
0.0440005	4	1	4	80
0.0441002	1	2	4	55
0.0441002	4	2	4	55
0.0441003	7	1	4	55
0.0441004	1	1	4	80
0.0441005	4	1	4	80
0.0442002	1	2	4	55
0.0442002	4	2	4	55
0.0442003	7	1	4	55
0.0442004	1	1	4	80
0.0442005	4	1	4	80
0.0443002	1	2	4	55
0.0443002	4	2	4	55
0.0443003	7	1	4	55
0.0443004	1	1	4	80
0.0443005	4	1	4	80
0.0444002	1	2	4	55
0.0444002	4	2	4	55
0.0444003	7	1	4	55
0.0444004	1	1	4	80
0.0444005	4	1	4	80
0.0445002	1	2	4	55
0.0445002	4	2	4	55
0.0445003	7	1	4	55
0.0445004	1	1	4	80
0.0445005	4	1	4	80
0.0446002	1	2	4	55
0.0446002	4	2	4	55
0.0446003	7	1	4	55
0.0446004	1	1	4	80
0.0446005	4	1	4	80
0.0447002	1	2	4	55
0.0447002	4	2	4	55
0.0447003	7	1	4	55
0.0447004	1	1	4	80
0.0447005	4	1	4	80
0.0448002	1	2	4	55
0.0448002	4	2	4	55
0.0448003	7	1	4	55
0.0448004	1	1	4	80
0.0448005	4	1	4	80
0.0449002	1	2	4	55
0.0449002	4	2	4	55
0.0449003	7	1	4	55
0.0449004	1	1	4	80
0.0449005	4	1	4	80
0.0450002	1	2	4	55
0.0450002	4	2	4	55
0.0450003	7	1	4	55
0.0450004	1	1	4	80
0.0450005	4	1	4	80
0.0451002	1	2	4	55
0.0451002	4	2	4	55
0.0451003	7	1	4	55
0.0451004	1	1	4	80
0.0451005	4	1	4	80
0.0452002	1	2	4	55
0.0452002	4	2	4	55
0.0452003	7	1	4	55
0.0452004	1	1	4	80
0.0452005	4	1	4	80
0.0453002	1	2	4	55
0.0453002	4	2	4	55
0.0453003	7	1	4	55
0.0453004	1	1	4	80
0.0453005	4	1	4	80
0.0454002	1	2	4	55
0.0454002	4	2	4	55
0.0454003	7	1	4	55
0.0454004	1	1	4	80
0.0454005	4	1	4	80
0.0455002	1	2	4	55
0.0455002	4	2	4	55
0.0455003	7	1	4	55
0.0455004	1	1	4	80
0.0455005	4	1	4	80
0.0456002	1	2	4	55
0.0456002	4	2	4	55
0.0456003	7	1	4	55
0.0456004	1	1	4	80
0.0456005	4	1	4	80
0.0457002	1	2	4	55
0.0457002	4	2	4	55
0.0457003	7	1	4	55
0.0457004	1	1	4	80
0.0457005	4	1	4	80
0.0458002	1	2	4	55
0.0458002	4	2	4	55
0.0458003	7	1	4	55
0.0458004	1	1	4	80
0.0458005	4	1	4	80
0.0459002	1	2	4	55
0.0459002	4	2	4	55
0.0459003	7	1	4	55
0.0459004	1	1	4	80
0.0459005	4	1	4	80
0.0460002	1	2	4	55
0.0460002	4	2	4	55
0.0460003	7	1	4	55
0.0460004	1	1	4	80
0.0460005	4	1	4	80
0.0461002	1	2	4	55
0.0461002	4	2	4	55
0.0461003	7	1	4	55
0.0461004	1	1	4	80
0.0461005	4	1	4	80
0.0462002	1	2	4	55
0.0462002	4	2	4	55
0.0462003	7	1	4	55
0.0462004	1	1	4	80
0.0462005	4	1	4	80
0.0463002	1	2	4	55
0.0463002	4	2	4	55
0.0463003	7	1	4	55
0.0463004	1	1	4	80
0.0463005	4	1	4	80
0.0464002	1	2	4	55
0.0464002	4	2	4	55
0.0464003	7	1	4	55
0.0464004	1	1	4	80
0.0464005	4	1	4	80
0.0465002	1	2	4	55
0.0465002	4	2	4	55
0.0465003	7	1	4	55
0.0465004	1	1	4	80
0.0465005	4	1	4	80
0.0466002	1	2	4	55
0.0466002	4	2	4	55
0.0466003	7	1	4	55
0.0466004	1	1	4	80
0.0466005	4	1	4	80
0.0467002	1	2	4	55
0.0467002	4	2	4	55
0.0467003	7	1	4	55
0.0467004	1	1	4	80
0.0467005	4	1	4	80
0.0468002	1	2	4	55
0.0468002	4	2	4	55
0.0468003	7	1	4	55
0.0468004	1	1	4	80
0.0468005	4	1	4	80
0.0469002	1	2	4	55
0.0469002	4	2	4	55
0.0469003	7	1	4	55
0.0469004	1	1	4	80
0.0469005	4	1	4	80
0.0470002	1	2	4	55
0.0470002	4	2	4	55
0.0470003	7	1	4	55
0.0470004	1	1	4	80
0.0470005	4	1	4	80
0.0471002	1	2	4	55
0.0471002	4	2	4	55
0.0471003	7	1	4	55
0.0471004	1	1	4	80
0.0471005	4	1	4	80
0.0472002	1	2	4	55
0.0472002	4	2	4	55
0.0472003	7	1	4	55
0.0472004	1	1	4	80
0.0472005	4	1	4	80
0.0473002	1	2	4	55
0.0473002	4	2	4	55
0.0473003	7	1	4	55
0.0473004	1	1	4	80
0.0473005	4	1	4	80
0.0474002	1	2	4	55
0.0474002	4	2	4	55
0.0474003	7	1	4	55
0.0474004	1	1	4	80
0.0474005	4	1	4	80
0.0475002	1	2	4	55
0.0475002	4	2	4	55
0.0475003	7	1	4	55
0.0475004	1	1	4	80
0.0475005	4	1	4	80
0.0476002	1	2	4	55
0.0476002	4	2	4	55
0.0476003	7	1	4	55
0.0476004	1	1	4	80
0.0476005	4	1	4	80
0.0477002	1	2	4	55
0.0477002	4	2	4	55
0.0477003	7	1	4	55
0.0477004	1	1	4	80
0.0477005	4	1	4	80
0.0478002	1	2	4	55
0.0478002	4	2	4	55
0.0478003	7	1	4	55
0.0478004	1	1	4	80
0.0478005	4	1	4	80
0.0479002	1	2	4	55
0.0479002	4	2	4	55
0.0479003	7	1	4	55
0.0479004	1	1	4	80
0.0479005	4	1	4	80
0.0480002	1	2	4	55
0.0480002	4	2	4	55
0.0480003	7	1	4	55
0.0480004	1	1	4	80
0.0480005	4	1	4	80
0.0481002	1	2	4	55
0.0481002	4	2	4	55
0.0481003	7	1	4	55
0.0481004	1	1	4	80
0.0481005	4	1	4	80
0.0482002	1	2	4	55
0.0482002	4	2	4	55
0.0482003	7	1	4	55
0.0482004	1	1	4	80
0.0482005	4	1	4	80
0.0483002	1	2	4	55
0.0483002	4	2	4	55
0.0483003	7	1	4	55
0.0483004	1	1	4	80
0.0483005	4	1	4	80
0.0484002	1	2	4	55
0.0484002	4	2	4	55
0.0484003	7	1	4	55
0.0484004	1	1	4	80
0.0484005	4	1	4	80
0.0485002	1	2	4	55
0.0485002	4	2	4	55
0.0485003	7	1	4	55
0.0485004	1	1	4	80
0.0485005	4	1	4	80
0.0486002	1	2	4	55
0.0486002	4	2	4	55
0.0486003	7	1	4	55
0.0486004	1	1	4	80
0.0486005	4	1	4	80
0.0487002	1	2	4	55
0.0487002	4	2	4	55
0.0487003	7	1	4	55
0.0487004	1	1	4	80
0.0487005	4	1	4	80
0.0488002	1	2	4	55
0.0488002	4	2	4	55
0.0488003	7	1	4	55
0.0488004	1	1	4	80
0.0488005	4	1	4	80
0.0489002	1	2	4	55
0.0489002	4	2	4	55
0.0489003	7	1	4	55
0.0489004	1	1	4	80
0.0489005	4	1	4	80
0.0490002	1	2	4	55
0.0490002	4	2	4	55
0.0490003	7	1	4	55
0.0490004	1	1	4	80
0.0490005	4	1	4	80
0.0491002	1	2	4	55
0.0491002	4	2	4	55
0.0491003	7	1	4	55
0.0491004	1	1	4	80
0.0491005	4	1	4	80
0.0492002	1	2	4	55
0.0492002	4	2	4	55
0.0492003	7	1	4	55
0.0492004	1	1	4	80
0.0492005	4	1	4	80
0.0493002	1	2	4	55
0.0493002	4	2	4	55
0.0493003	7	1	4	55
0.0493004	1	1	4	80
0.0493005	4	1	4	80
0.0494002	1	2	4	55
0.0494002	4	2	4	55
0.0494003	7	1	4	55
0.0494004	1	1	4	80
0.0494005	4	1	4	80
0.0495002	1	2	4	55
0.0495002	4	2	4	55
0.0495003	7	1	4	55
0.0495004	1	1	4	80
0.0495005	4	1	4	80
0.0496002	1	2	4	55
0.0496002	4	2	4	55
0.0496003	7	1	4	55
0.0496004	1	1	4	80
0.0496005	4	1	4	80
0.0497002	1	2	4	55
0.0497002	4	2	4	55
0.0497003	7	1	4	55
0.0497004	1	1	4	80
0.0497005	4	1	4	80
0.0498002	1	2	4	55
0.0498002	4	2	4	55
0.0498003	7	1	4	55
0.0498004	1	1	4	80
0.0498005	4	1	4	80
0.0499002	1	2	4	55
0.0499002	4	2	4	55
0.0499003	7	1	4	55
0.0499004	1	1	4	80
0.0499005	4	1	4	80
0.0500002	1	2	4	55
0.0500002	4	2	4	55
0.0500003	7	1	4	55
0.0500004	1	1	4	80
0.0500005	4	1	4	80
0.0501002	1	2	4	55
0.0501002	4	2	4	55
0.0501003	7	1	4	55
0.0501004	1	1	4	80
0.0501005	4	1	4	80
0.0502002	1	2	4	55
0.0502002	4	2	4	55
0.0502003	7	1	4	55
0.0502004	1	1	4	80
0.0502005	4	1	4	80
0.0503002	1	2	4	55
0.0503002	4	2	4	55
0.0503003	7	1	4	55
0.0503004	1	1	4	80
0.0503005	4	1	4	80
0.0504002	1	2	4	55
0.0504002	4	2	4	55
0.0504003	7	1	4	55
0.0504004	1	1	4	80
0.0504005	4	1	4	80
0.0505002	1	2	4	55
0.0505002	4	2	4	55
0.0505003	7	1	4	55
0.0505004	1	1	4	80
0.0505005	4	1	4	80
0.0506002	1	2	4	55
0.0506002	4	2	4	55
0.0506003	7	1	4	55
0.0506004	1	1	4	80
0.0506005	4	1	4	80
0.0507002	1	2	4	55
0.0507002	4	2	4	55
0.0507003	7	1	4	55
0.0507004	1	1	4	80
0.0507005	4	1	4	80
0.0508002	1	2	4	55
0.0508002	4	2	4	55
0.0508003	7	1	4	55
0.0508004	1	1	4	80
0.0508005	4	1	4	80
0.0509002	1	2	4	55
0.0509002	4	2	4	55
0.0509003	7	1	4	55
0.0509004	1	1	4	80
0.0509005	4	1	4	80
0.0510002	1	2	4	55
0.0510002	4	2	4	55
0.0510003	7	1	4	55
0.0510004	1	1	4	80
0.0510005	4	1	4	80
0.0511002	1	2	4	55
0.0511002	4	2	4	55
0.0511003	7	1	4	55
0.0511004	1	1	4	80
0.0511005	4	1	4	80
0.0512002	1	2	4	55
0.0512002	4	2	4	55
0.0512003	7	1	4	55
0.0512004	1	1	4	80
0.0512005	4	1	4	80
0.0513002	1	2	4	55
0.0513002	4	2	4	55
0.0513003	7	1	4	55
0.0513004	1	1	4	80
0.0513005	4	1	4	80
0.0514002	1	2	4	55
0.0514002	4	2	4	55
0.0514003	7	1	4	55
0.0514004	1	1	4	80
0.0514005	4	1	4	80
0.0515002	1	2	4	55
0.0515002	4	2	4	55
0.0515003	7	1	4	55
0.0515004	1	1	4	80
0.0515005	4	1	4	80
0.0516002	1	2	4	55
0.0516002	4	2	4	55
0.0516003	7	1	4	55
0.0516004	1	1	4	80
0.0516005	4	1	4	80
0.0517002	1	2	4	55
0.0517002	4	2	4	55
0.0517003	7	1	4	55
0.0517004	1	1	4	80
0.0517005	4	1	4	80
0.0518002	1	2	4	55
0.0518002	4	2	4	55
0.0518003	7	1	4	55
0.0518004	1	1	4	80
0.0518005	4	1	4	80
0.0519002	1	2	4	55
0.0519002	4	2	4	55
0.0519003	7	1	4	55
0.0519004	1	1	4	80
0.0519005	4	1	4	80
0.0520002	1	2	4	55
0.0520002	4	2	4	55
0.0520003	7	1	4	55
0.0520004	1	1	4	80
0.0520005	4	1	4	80
0.0521002	1	2	4	55
0.0521002	4	2	4	55
0.0521003	7	1	4	55
0.0521004	1	1	4	80
0.0521005	4	1	4	80
0.0522002	1	2	4	55
0.0522002	4	2	4	55
0.0522003	7	1	4	55
0.0522004	1	1	4	80
0.0522005	4	1	4	80
0.0523002	1	2	4	55
0.0523002	4	2	4	55
0.0523003	7	1	4	55
0.0523004	1	1	4	80
0.0523005	4	1	4	80
0.0524002	1	2	4	55
0.0524002	4	2	4	55
0.0524003	7	1	4	55
0.0524004	1	1	4	80
0.0524005	4	1	4	80
0.0525002	1	2	4	55
0.0525002	4	2	4	55
0.0525003	7	1	4	55
0.0525004	1	1	4	80
0.0525005	4	1	4	80
0.0526002	1	2	4	55
0.0526002	4	2	4	55
0.0526003	7	1	4	55
0.0526004	1	1	4	80
0.0526005	4	1	4	80
0.0527002	1	2	4	55
0.0527002	4	2	4	55
0.0527003	7	1	4	55
0.0527004	1	1	4	80
0.0527005	4	1	4	80
0.0528002	1	2	4	55
0.0528002	4	2	4	55
0.0528003	7	1	4	55
0.0528004	1	1	4	80
0.0528005	4	1	4	80
0.0529002	1	2	4	55
0.0529002	4	2	4	55
0.0529003	7	1	4	55
0.0529004	1	1	4	80
0.0529005	4	1	4	80
0.0530002	1	2	4	55
0.0530002	4	2	4	55
0.0530003	7	1	4	55
0.0530004	1	1	4	80
0.0530005	4	1	4	80
0.0531002	1	2	4	55
0.0531002	4	2	4	55
0.0531003	7	1	4	55
0.0531004	1	1	4	80
0.0531005	4	1	4	80
0.0532002	1	2	4	55
0.0532002	4	2	4	55
0.0532003	7	1	4	55
0.0532004	1	1	4	80
0.0532005	4	1	4	80
0.0533002	1	2	4	55
0.0533002	4	2	4	55
0.0533003	7	1	4	55
0.0533004	1	1	4	80
0.0533005	4	1	4	80
0.0534002	1	2	4	55
0.0534002	4	2	4	55
0.0534003	7	1	4	55
0.0534004	1	1	4	80
0.0534005	4	1	4	80
0.0535002	1	2	4	55
0.0535002	4	2	4	55
0.0535003	7	1	4	55
0.0535004	1	1	4	80
0.0535005	4	1	4	80
0.0536002	1	2	4	55
0.0536002	4	2	4	55
0.0536003	7	1	4	55
0.0536004	1	1	4	80
0.0536005	4	1	4	80
0.0537002	1	2	4	55
0.0537002	4	2	4	55
0.0537003	7	1	4	55
0.0537004	1	1	4	80
0.0537005	4	1	4	80
0.0538002	1	2	4	55
0.0538002	4	2	4	55
0.0538003	7	1	4	55
0.0538004	1	1	4	80
0.0538005	4	1	4	80
0.0539002	1	2	4	55
0.0539002	4	2	4	55
0.0539003	7	1	4	55
0.0539004	1	1	4	80
0.0539005	4	1	4	80
0.0540002	1	2	4	55
0.0540002	4	2	4	55
0.0540003	7	1	4	55
0.0540004	1	1	4	80
0.0540005	4	1	4	80
0.0541002	1	2	4	55
0.0541002	4	2	4	55
0.0541003	7	1	4	55
0.0541004	1	1	4	80
0.0541005	4	1	4	80
0.0542002	1	2	4	55
0.0542002	4	2	4	55
0.0542003	7	1	4	55
0.0542004	1	1	4	80
0.0542005	4	1	4	80
0.0543002	1	2	4	55
0.0543002	4	2	4	55
0.0543003	7	1	4	55
0.0543004	1	1	4	80
0.0543005	4	1	4	80
0.0544002	1	2	4	55
0.0544002	4	2	4	55
0.0544003	7	1	4	55
0.0544004	1	1	4	80
0.0544005	4	1	4	80
0.0545002	1	2	4	55
0.0545002	4	2	4	55
0.0545003	7	1	4	55
0.0545004	1	1	4	80
0.0545005	4	1	4	80
0.0546002	1	2	4	55
0.0546002	4	2	4	55
0.0546003	7	1	4	55
0.0546004	1	1	4	80
0.0546005	4	1	4	80
0.0547002	1	2	4	55
0.0547002	4	2	4	55
0.0547003	7	1	4	55
0.0547004	1	1	4	80
0.0547005	4	1	4	80
0.0548002	1	2	4	55
0.0548002	4	2	4	55
0.0548003	7	1	4	55
0.0548004	1	1	4	80
0.0548005	4	1	4	80
0.0549002	1	2	4	55
0.0549002	4	2	4	55
0.0549003	7	1	4	55
0.0549004	1	1	4	80
0.0549005	4	1	4	80
0.0550002	1	2	4	55
0.0550002	4	2	4	55
0.0550003	7	1	4	55
0.0550004	1	1	4	80
0.0550005	4	1	4	80
0.0551002	1	2	4	55
0.0551002	4	2	4	55
0.0551003	7	1	4	55
0.0551004	1	1	4	80
0.0551005	4	1	4	80
0.0552002	1	2	4	55
0.0552002	4	2	4	55
0.0552003	7	1	4	55
0.0552004	1	1	4	80
0.0552005	4	1	4	80
0.0553002	1	2	4	55
0.0553002	4	2	4	55
0.0553003	7	1	4	55
0.0553004	1	1	4	80
0.0553005	4	1	4	80
0.0554002	1	2	4	55
0.0554002	4	2	4	55
0.0554003	7	1	4	55
0.0554004	1	1	4	80
0.0554005	4	1	4	80
0.0555002	1	2	4	55
0.0555002	4	2	4	55
0.0555003	7	1	4	55
0.0555004	1	1	4	80
0.0555005	4	1	4	80
0.0556002	1	2	4	55
0.0556002	4	2	4	55
0.0556003	7	1	4	55
0.0556004	1	1	4	80
0.0556005	4	1	4	80
0.0557002	1	2	4	55
0.0557002	4	2	4	55
0.0557003	7	1	4	55
0.0557004	1	1	4	80
0.0557005	4	1	4	80
0.0558002	1	2	4	55
0.0558002	4	2	4	55
0.0558003	7	1	4	55
0.0558004	1	1	4	80
0.0558005	4	1	4	80
0.0559002	1	2	4	55
0.0559002	4	2	4	55
0.0559003	7	1	4	55
0.0559004	1	1	4	80
0.0559005	4	1	4	80
0.0560002	1	2	4	55
0.0560002	4	2	4	55
0.0560003	7	1	4	55
0.0560004	1	1	4	80
0.0560005	4	1	4	80
0.0561002	1	2	4	55
0.0561002	4	2	4	55
0.0561003	7	1	4	55
0.0561004	1	1	4	80
0.0561005	4	1	4	80
0.0562002	1	2	4	55
0.0562002	4	2	4	55
0.0562003	7	1	4	55
0.0562004	1	1	4	80
0.0562005	4	1	4	80
0.0563002	1	2	4	55
0.0563002	4	2	4	55
0.0563003	7	1	4	55
0.0563004	1	1	4	80
0.0563005	4	1	4	80
0.0564002	1	2	4	55
0.0564002	4	2	4	55
0.0564003	7	1	4	55
0.0564004	1	1	4	80
0.0564005	4	1	4	80
0.0565002	1	2	4	55
0.0565002	4	2	4	55
0.0565003	7	1	4	55
0.0565004	1	1	4	80
0.0565005	4	1	4	80
0.0566002	1	2	4	55
0.0566002	4	2	4	55
0.0566003	7	1	4	55
0.0566004	1	1	4	80
0.0566005	4	1	4	80
0.0567002	1	2	4	55
0.0567002	4	2	4	55
0.0567003	7	1	4	55
0.0567004	1	1	4	80
0.0567005	4	1	4	80
0.0568002	1	2	4	55
0.0568002	4	2	4	55
0.0568003	7	1	4	55
0.0568004	1	1	4	80
0.0568005	4	1	4	80
0.0569002	1	2	4	55
0.0569002	4	2	4	55
0.0569003	7	1	4	55
0.0569004	1	1	4	80
0.0569005	4	1	4	80
0.0570002	1	2	4	55
0.0570002	4	2	4	55
0.0570003	7	1	4	55
0.0570004	1	1	4	80
0.0570005	4	1	4	80
0.0571002	1	2	4	55
0.0571002	4	2	4	55
0.0571003	7	1	4	55
0.0571004	1	1	4	80
0.0571005	4	1	4	80
0.0572002	1	2	4	55
0.0572002	4	2	4	55
0.0572003	7	1	4	55
0.0572004	1	1	4	80
0.0572005	4	1	4	80
0.0573002	1	2	4	55
0.0573002	4	2	4	55
0.0573003	7	1	4	55
0.0573004	1	1	4	80
0.0573005	4	1	4	80
0.0574002	1	2	4	55
0.0574002	4	2	4	55
0.0574003	7	1	4	55
0.0574004	1	1	4	80
0.0574005	4	1	4	80
0.0575002	1	2	4	55
0.0575002	4	2	4	55
0.0575003	7	1	4	55
0.0575004	1	1	4	80
0.0575005	4	1	4	80
0.0576002	1	2	4	55
0.0576002	4	2	4	55
0.0576003	7	1	4	55
0.0576004	1	1	4	80
0.0576005	4	1	4	80
0.0577002	1	2	4	55
0.0577002	4	2	4	55
0.0577003	7	1	4	55
0.0577004	1	1	4	80
0.0577005	4	1	4	80
0.0578002	1	2	4	55
0.0578002	4	2	4	55
0.0578003	7	1	4	55
0.0578004	1	1	4	80
0.0578005	4	1	4	80
0.0579002	1	2	4	55
0.0579002	4	2	4	55
0.0579003	7	1	4	55
0.0579004	1	1	4	80
0.0579005	4	1	4	80
0.0580002	1	2	4	55
0.0580002	4	2	4	55
0.0580003	7	1	4	55
0.0580004	1	1	4	80
0.0580005	4	1	4	80
0.0581002	1	2	4	55
0.0581002	4	2	4	55
0.0581003	7	1	4	55
0.0581004	1	1	4	80
0.0581005	4	1	4	80
0.0582002	1	2	4	55
0.0582002	4	2	4	55
0.0582003	7	1	4	55
0.0582004	1	1	4	80
0.0582005	4	1	4	80
0.0583002	1	2	4	55
0.0583002	4	2	4	55
0.0583003	7	1	4	55
0.0583004	1	1	4	80
0.0583005	4	1	4	80
0.0584002	1	2	4	55
0.0584002	4	2	4	55
0.0584003	7	1	4	55
0.0584004	1	1	4	80
0.0584005	4	1	4	80
0.0585002	1	2	4	55
0.0585002	4	2	4	55
0.0585003	7	1	4	55
0.0585004	1	1	4	80
0.0585005	4	1	4	80
0.0586002	1	2	4	55
0.0586002	4	2	4	55
0.0586003	7	1	4	55
0.0586004	1	1	4	80
0.0586005	4	1	4	80
0.0587002	1	2	4	55
0.0587002	4	2	4	55
0.0587003	7	1	4	55
0.0587004	1	1	4	80
0.0587005	4	1	4	80
0.0588002	1	2	4	55
0.0588002	4	2	4	55
0.0588003	7	1	4	55
0.0588004	1	1	4	80
0.0588005	4	1	4	80
0.0589002	1	2	4	55
0.0589002	4	2	4	55
0.0589003	7	1	4	55
0.0589004	1	1	4	80
0.0589005	4	1	4	80
0.0590002	1	2	4	55
0.0590002	4	2	4	55
0.0590003	7	1	4	55
0.0590004	1	1	4	80
0.0590005	4	1	4	80
0.0591002	1	2	4	55
0.0591002	4	2	4	55
0.0591003	7	1	4	55
0.0591004	1	1	4	80
0.0591005	4	1	4	80
0.0592002	1	2	4	55
0.0592002	4	2	4	55
0.0592003	7	1	4	55
0.0592004	1	1	4	80
0.0592005	4	1	4	80
0.0593002	1	2	4	55
0.0593002	4	2	4	55
0.0593003	7	1	4	55
0.0593004	1	1	4	80
0.0593005	4	1	4	80
0.0594002	1	2	4	55
0.0594002	4	2	4	55
0.0594003	7	1	4	55
0.0594004	1	1	4	80
0.0594005	4	1	4	80
0.0595002	1	2	4	55
0.0595002	4	2	4	55
0.0595003	7	1	4	55
0.0595004	1	1	4	80
0.0595005	4	1	4	80
0.0596002	1	2	4	55
0.0596002	4	2	4	55
0.0596003	7	1	4	55
0.0596004	1	1	4	80
0.0596005	4	1	4	80
0.0597002	1	2	4	55
0.0597002	4	2	4	55
0.0597003	7	1	4	55
0.0597004	1	1	4	80
0.0597005	4	1	4	80
0.0598002	1	2	4	55
0.0598002	4	2	4	55
0.0598003	7	1	4	55
0.0598004	1	1	4	80
0.0598005	4	1	4	80
0.0599002	1	2	4	55
0.0599002	4	2	4	55
0.0599003	7	1	4	55
0.0599004	1	1	4	80
0.0599005	4	1	4	80
0.0600002	1	2	4	55
0.0600002	4	2	4	55
0.0600003	7	1	4	55
0.0600004	1	1	4	80
0.0600005	4	1	4	80
0.0601002	1	2	4	55
0.0601002	4	2	4	55
0.0601003	7	1	4	55
0.0601004	1	1	4	80
0.0601005	4	1	4	80
0.0602002	1	2	4	55
0.0602002	4	2	4	55
0.0602003	7	1	4	55
0.0602004	1	1	4	80
0.0602005	4	1	4	80
0.0603002	1	2	4	55
0.0603002	4	2	4	55
0.0603003	7	1	4	55
0.0603004	1	1	4	80
0.0603005	4	1	4	80
0.0604002	1	2	4	55
0.0604002	4	2	4	55
0.0604003	7	1	4	55
0.0604004	1	1	4	80
0.0604005	4	1	4	80
0.0605002	1	2	4	55
0.0605002	4	2	4	55
0.0605003	7	1	4	55
0.0605004	1	1	4	80
0.0605005	4	1	4	80
0.0606002	1	2	4	55
0.0606002	4	2	4	55
0.0606003	7	1	4	55
0.0606004	1	1	4	80
0.0606005	4	1	4	80
0.0607002	1	2	4	55
0.0607002	4	2	4	55
0.0607003	7	1	4	55
0.0607004	1	1	4	80
0.0607005	4	1	4	80
0.0608002	1	2	4	55
0.0608002	4	2	4	55
0.0608003	7	1	4	55
0.0608004	1	1	4	80
0.0608005	4	1	4	80
0.0609002	1	2	4	55
0.0609002	4	2	4	55
0.0609003	7	1	4	55
0.0609004	1	1	4	80
0.0609005	4	1	4	80
0.0610002	1	2	4	55
0.0610002	4	2	4	55
0.0610003	7	1	4	55
0.0610004	1	1	4	80
0.0610005	4	1	4	80
0.0611002	1	2	4	55
0.0611002	4	2	4	55
0.0611003	7	1	4	55
0.0611004	1	1	4	80
0.0611005	4	1	4	80
0.0612002	1	2	4	55
0.0612002	4	2	4	55
0.0612003	7	1	4	55
0.0612004	1	1	4	80
0.0612005	4	1	4	80
0.0613002	1	2	4	55
0.0613002	4	2	4	55
0.0613003	7	1	4	55
0.0613004	1	1	4	80
0.0613005	4	1	4	80
0.0614002	1	2	4	55
0.0614002	4	2	4	55
0.0614003	7	1	4	55
0.0614004	1	1	4	80
0.0614005	4	1	4	80
0.0615002	1	2	4	55
0.0615002	4	2	4	55
0.0615003	7	1	4	55
0.0615004	1	1	4	80
0.0615005	4	1	4	80
0.0616002	1	2	4	55
0.0616002	4	2	4	55
0.0616003	7	1	4	55
0.0616004	1	1	4	80
0.0616005	4	1	4	80
0.0617002	1	2	4	55
0.0617002	4	2	4	55
0.0617003	7	1	4	55
0.0617004	1	1	4	80
0.0617005	4	1	4	80
0.0618002	1	2	4	55
0.0618002	4	2	4	55
0.0618003	7	1	4	55
0.0618004	1	1	4	80
0.0618005	4	1	4	80
0.0619002	1	2	4	55
0.0619002	4	2	4	55
0.0619003	7	1	4	55
0.0619004	1	1	4	80
0.0619005	4	1	4	80
0.0620002	1	2	4	55
0.0620002	4	2	4	55
0.0620003	7	1	4	55
0.0620004	1	1	4	80
0.0620005	4	1	4	80
0.0621002	1	2	4	55
0.0621002	4	2	4	55
0.0621003	7	1	4	55
0.0621004	1	1	4	80
0.0621005	4	1	4	80
0.0622002	1	2	4	55
0.0622002	4	2	4	55
0.0622003	7	1	4	55
0.0622004	1	1	4	80
0.0622005	4	1	4	80
0.0623002	1	2	4	55
0.0623002	4	2	4	55
0.0623003	7	1	4	55
0.0623004	1	1	4	80
0.0623005	4	1	4	80
0.0624002	1	2	4	55
0.0624002	4	2	4	55
0.0624003	7	1	4	55
0.0624004	1	1	4	80
0.0624005	4	1	4	80
0.0625002	1	2	4	55
0.0625002	4	2	4	55
0.0625003	7	1	4	55
0.0625004	1	1	4	80
0.0625005	4	1	4	80
0.0626002	1	2	4	55
0.0626002	4	2	4	55
0.0626003	7	1	4	55
0.0626004	1	1	4	80
0.0626005	4	1	4	80
0.0627002	1	2	4	55
0.0627002	4	2	4	55
0.0627003	7	1	4	55
0.0627004	1	1	4	80
0.0627005	4	1	4	80
0.0628002	1	2	4	55
0.0628002	4	2	4	55
0.0628003	7	1	4	55
0.0628004	1	1	4	80
0.0628005	4	1	4	80
0.0629002	1	2	4	55
0.0629002	4	2	4	55
0.0629003	7	1	4	55
0.0629004	1	1	4	80
0.0629005	4	1	4	80
0.0630002	1	2	4	55
0.0630002	4	2	4	55
0.0630003	7	1	4	55
0.0630004	1	1	4	80
0.0630005	4	1	4	80
0.0631002	1	2	4	55
0.0631002	4	2	4	55
0.0631003	7	1	4	55
0.0631004	1	1	4	80
0.0631005	4	1	4	80
0.0632002	1	2	4	55
0.0632002	4	2	4	55
0.0632003	7	1	4	55
0.0632004	1	1	4	80
0.0632005	4	1	4	80
0.0633002	1	2	4	55
0.0633002	4	2	4	55
0.0633003	7	1	4	55
0.0633004	1	1	4	80
0.0633005	4	1	4	80
0.0634002	1	2	4	55
0.0634002	4	2	4	55
0.0634003	7	1	4	55
0.0634004	1	1	4	80
0.0634005	4	1	4	80
0.0635002	1	2	4	55
0.0635002	4	2	4	55
0.0635003	7	1	4	55
0.0635004	1	1	4	80
0.0635005	4	1	4	80
0.0636002	1	2	4	55
0.0636002	4	2	4	55
0.0636003	7	1	4	55
0.0636004	1	1	4	80
0.0636005	4	1	4	80
0.0637002	1	2	4	55
0.0637002	4	2	4	55
0.0637003	7	1	4	55
0.0637004	1	1	4	80
0.0637005	4	1	4	80
0.0638002	1	2	4	55
0.0638002	4	2	4	55
0.0638003	7	1	4	55
0.0638004	1	1	4	80
0.0638005	4	1	4	80
0.0639002	1	2	4	55
0.0639002	4	2	4	55
0.0639003	7	1	4	55
0.0639004	1	1	4	80
0.0639005	4	1	4	80
0.0640002	1	2	4	55
0.0640002	4	2	4	55
0.0640003	7	1	4	55
0.0640004	1	1	4	80
0.0640005	4	1	4	80
0.0641002	1	2	4	55
0.0641002	4	2	4	55
0.0641003	7	1	4	55
0.0641004	1	1	4	80
0.0641005	4	1	4	80
0.0642002	1	2	4	55
0.0642002	4	2	4	55
0.0642003	7	1	4	55
0.0642004	1	1	4	80
0.0642005	4	1	4	80
0.0643002	1	2	4	55
0.0643002	4	2	4	55
0.0643003	7	1	4	55
0.0643004	1	1	4	80
0.0643005	4	1	4	80
0.0644002	1	2	4	55
0.0644002	4	2	4	55
0.0644003	7	1	4	55
0.0644004	1	1	4	80
0.0644005	4	1	4	80
0.0645002	1	2	4	55
0.0645002	4	2	4	55
0.0645003	7	1	4	55
0.0645004	1	1	4	80
0.0645005	4	1	4	80
0.0646002	1	2	4	55
0.0646002	4	2	4	55
0.0646003	7	1	4	55
0.0646004	1	1	4	80
0.0646005	4	1	4	80
0.0647002	1	2	4	55
0.0647002	4	2	4	55
0.0647003	7	1	4	55
0.0647004	1	1	4	80
0.0647005	4	1	4	80
0.0648002	1	2	4	55
0.0648002	4	2	4	55
0.0648003	7	1	4	55
0.0648004	1	1	4	80
0.0648005	4	1	4	80
0.0649002	1	2	4	55
0.0649002	4	2	4	55
0.0649003	7	1	4	55
0.0649004	1	1	4	80
0.0649005	4	1	4	80
0.0650002	1	2	4	55
0.0650002	4	2	4	55
0.0650003	7	1	4	55
0.0650004	1	1	4	80
0.0650005	4	1	4	80
0.0651002	1	2	4	55
0.0651002	4	2	4	55
0.0651003	7	1	4	55
0.0651004	1	1	4	80
0.0651005	4	1	4	80
0.0652002	1	2	4	55
0.0652002	4	2	4	55
0.0652003	7	1	4	55
0.0652004	1	1	4	80
0.0652005	4	1	4	80
0.0653002	1	2	4	55
0.0653002	4	2	4	55
0.0653003	7	1	4	55
0.0653004	1	1	4	80
0.0653005	4	1	4	80
0.0654002	1	2	4	55
0.0654002	4	2	4	55
0.0654003	7	1	4	55
0.0654004	1	1	4	80
0.0654005	4	1	4	80
0.0655002	1	2	4	55
0.0655002	4	2	4	55
0.0655003	7	1	4	55
0.0655004	1	1	4	80
0.0655005	4	1	4	80
0.0656002	1	2	4	55
0.0656002	4	2	4	55
0.0656003	7	1	4	55
0.0656004	1	1	4	80
0.0656005	4	1	4	80
0.0657002	1	2	4	55
0.0657002	4	2	4	55
0.0657003	7	1	4	55
0.0657004	1	1	4	80
0.0657005	4	1	4	80
0.0658002	1	2	4	55
0.0658002	4	2	4	55
0.0658003	7	1	4	55
0.0658004	1	1	4	80
0.0658005	4	1	4	80
0.0659002	1	2	4	55
0.0659002	4	2	4	55
0.0659003	7	1	4	55
0.0659004	1	1	4	80
0.0659005	4	1	4	80
0.0660002	1	2	4	55
0.0660002	4	2	4	55
0.0660003	7	1	4	55
0.0660004	1	1	4	80
0.0660005	4	1	4	80
0.0661002	1	2	4	55
0.0661002	4	2	4	55
0.0661003	7	1	4	55
0.0661004	1	1	4	80
0.0661005	4	1	4	80
0.0662002	1	2	4	55
0.0662002	4	2	4	55
0.0662003	7	1	4	55
0.0662004	1	1	4	80
0.0662005	4	1	4	80
0.0663002	1	2	4	55
0.0663002	4	2	4	55
0.0663003	7	1	4	55
0.0663004	1	1	4	80
0.0663005	4	1	4	80
0.0664002	1	2	4	55
0.0664002	4	2	4	55
0.0664003	7	1	4	55
0.0664004	1	1	4	80
0.0664005	4	1	4	80
0.0665002	1	2	4	55
0.0665002	4	2	4	55
0.0665003	7	1	4	55
0.0665004	1	1	4	80
0.0665005	4	1	4	80
0.0666002	1	2	4	55
0.0666002	4	2	4	55
0.0666003	7	1	4	55
0.0666004	1	1	4	80
0.0666005	4	1	4	80
0.0667002	1	2	4	55
0.0667002	4	2	4	55
0.0667003	7	1	4	55
0.0667004	1	1	4	80
0.0667005	4	1	4	80
0.0668002	1	2	4	55
0.0668002	4	2	4	55
0.0668003	7	1	4	55
0.0668004	1	1	4	80
0.0668005	4	1	4	80
0.0669002	1	2	4	55
0.0669002	4	2	4	55
0.0669003	7	1	4	55
0.0669004	1	1	4	80
0.0669005	4	1	4	80
0.0670002	1	2	4	55
0.0670002	4	2	4	55
0.0670003	7	1	4	55
0.0670004	1	1	4	80
0.0670005	4	1	4	80
0.0671002	1	2	4	55
0.0671002	4	2	4	55
0.0671003	7	1	4	55
0.0671004	1	1	4	80
0.0671005	4	1	4	80
0.0672002	1	2	4	55
0.0672002	4	2	4	55
0.0672003	7	1	4	55
0.0672004	1	1	4	80
0.0672005	4	1	4	80
0.0673002	1	2	4	55
0.0673002	4	2	4	55
0.0673003	7	1	4	55
0.0673004	1	1	4	80
0.0673005	4	1	4	80
0.0674002	1	2	4	55
0.0674002	4	2	4	55
0.0674003	7	1	4	55
0.0674004	1	1	4	80
0.0674005	4	1	4	80
0.0675002	1	2	4	55
0.0675002	4	2	4	55
0.0675003	7	1	4	55
0.0675004	1	1	4	80
0.0675005	4	1	4	80
0.0676002	1	2	4	55
0.0676002	4	2	4	55
0.0676003	7	1	4	55
0.0676004	1	1	4	80
0.0676005	4	1	4	80
0.0677002	1	2	4	55
0.0677002	4	2	4	55
0.0677003	7	1	4	55
0.0677004	1	1	4	80
0.0677005	4	1	4	80
0.0678002	1	2	4	55
0.0678002	4	2	4	55
0.0678003	7	1	4	55
0.0678004	1	1	4	80
0.0678005	4	1	4	80
0.0679002	1	2	4	55
0.0679002	4	2	4	55
0.0679003	7	1	4	55
0.0679004	1	1	4	80
0.0679005	4	1	4	80
0.0680002	1	2	4	55
0.0680002	4	2	4	55
0.0680003	7	1	4	55
0.0680004	1	1	4	80
0.0680005	4	1	4	80
0.0681002	1	2	4	55
0.0681002	4	2	4	55
0.0681003	7	1	4	55
0.0681004	1	1	4	80
0.0681005	4	1	4	80
0.0682002	1	2	4	55
0.0682002	4	2	4	55
0.0682003	7	1	4	55
0.0682004	1	1	4	80
0.0682005	4	1	4	80
0.0683002	1	2	4	55
0.0683002	4	2	4	55
0.0683003	7	1	4	55
0.0683004	1	1	4	80
0.0683005	4	1	4	80
0.0684002	1	2	4	55
0.0684002	4	2	4	55
0.0684003	7	1	4	55
0.0684004	1	1	4	80
0.0684005	4	1	4	80
0.0685002	1	2	4	55
0.0685002	4	2	4	55
0.0685003	7	1	4	55
0.0685004	1	1	4	80
0.0685005	4	1	4	80
0.0686002	1	2	4	55
0.0686002	4	2	4	55
0.0686003	7	1	4	55
0.0686004	1	1	4	80
0.0686005	4	1	4	80
0.0687002	1	2	4	55
0.0687002	4	2	4	55
0.0687003	7	1	4	55
0.0687004	1	1	4	80
0.0687005	4	1	4	80
0.0688002	1	2	4	55
0.0688002	4	2	4	55
0.0688003	7	1	4	55
0.0688004	1	1	4	80
0.0688005	4	1	4	80
0.0689002	1	2	4	55
0.0689002	4	2	4	55
0.0689003	7	1	4	55
0.0689004	1	1	4	80
0.0689005	4	1	4	80
0.0690002	1	2	4	55
0.0690002	4	2	4	55
0.0690003	7	1	4	55
0.0690004	1	1	4	80
0.0690005	4	1	4	80
0.0691002	1	2	4	55
0.0691002	4	2	4	55
0.0691003	7	1	4	55
0.0691004	1	1	4	80
0.0691005	4	1	4	80
0.0692002	1	2	4	55
0.0692002	4	2	4	55
0.0692003	7	1	4	55
0.0692004	1	1	4	80
0.0692005	4	1	4	80
0.0693002	1	2	4	55
0.0693002	4	2	4	55
0.0693003	7	1	4	55
0.0693004	1	1	4	80
0.0693005	4	1	4	80
0.0694002	1	2	4	55
0.0694002	4	2	4	55
0.0694003	7	1	4	55
0.0694004	1	1	4	80
0.0694005	4	1	4	80
0.0695002	1	2	4	55
0.0695002	4	2	4	55
0.0695003	7	1	4	55
0.0695004	1	1	4	80
0.0695005	4	1	4	80
0.0696002	1	2	4	55
0.0696002	4	2	4	55
0.0696003	7	1	4	55
0.0696004	1	1	4	80
0.0696005	4	1	4	80
0.0697002	1	2	4	55
0.0697002	4	2	4	55
0.0697003	7	1	4	55
0.0697004	1	1	4	80
0.0697005	4	1	4	80
0.0698002	1	2	4	55
0.0698002	4	2	4	55
0.0698003	7	1	4	55
0.0698004	1	1	4	80
0.0698005	4	1	4	80
0.0699002	1	2	4	55
0.0699002	4	2	4	55
0.0699003	7	1	4	55
0.0699004	1	1	4	80
0.0699005	4	1	4	80
0.0700002	1	2	4	55
0.0700002	4	2	4	55
0.0700003	7	1	4	55
0.0700004	1	1	4	80
0.0700005	4	1	4	80
0.0701002	1	2	4	55
0.0701002	4	2	4	55
0.0701003	7	1	4	55
0.0701004	1	1	4	80
0.0701005	4	1	4	80
0.0702002	1	2	4	55
0.0702002	4	2	4	55
0.0702003	7	1	4	55
0.0702004	1	1	4	80
0.0702005	4	1	4	80
0.0703002	1	2	4	55
0.0703002	4	2	4	55
0.0703003	7	1	4	55
0.0703004	1	1	4	80
0.0703005	4	1	4	80
0.0704002	1	2	4	55
0.0704002	4	2	4	55
0.0704003	7	1	4	55
0.0704004	1	1	4	80
0.0704005	4	1	4	80
0.0705002	1	2	4	55
0.0705002	4	2	4	55
0.0705003	7	1	4	55
0.0705004	1	1	4	80
0.0705005	4	1	4	80
0.0706002	1	2	4	55
0.0706002	4	2	4	55
0.0706003	7	1	4	55
0.0706004	1	1	4	80
0.0706005	4	1	4	80
0.0707002	1	2	4	55
0.0707002	4	2	4	55
0.0707003	7	1	4	55
0.0707004	1	1	4	80
0.0707005	4	1	4	80
0.0708002	1	2	4	55
0.0708002	4	2	4	55
0.0708003	7	1	4	55
0.0708004	1	1	4	80
0.0708005	4	1	4	80
0.0709002	1	2	4	55
0.0709002	4	2	4	55
0.0709003	7	1	4	55
0.0709004	1	1	4	80
0.0709005	4	1	4	80
0.0710002	1	2	4	55
0.0710002	4	2	4	55
0.0710003	7	1	4	55
0.0710004	1	1	4	80
0.0710005	4	1	4	80
0.0711002	1	2	4	55
0.0711002	4	2	4	55
0.0711003	7	1	4	55
0.0711004	1	1	4	80
0.0711005	4	1	4	80
0.0712002	1	2	4	55
0.0712002	4	2	4	55
0.0712003	7	1	4	55
0.0712004	1	1	4	80
0.0712005	4	1	4	80
0.0713002	1	2	4	55
0.0713002	4	2	4	55
0.0713003	7	1	4	55
0.0713004	1	1	4	80
0.0713005	4	1	4	80
0.0714002	1	2	4	55
0.0714002	4	2	4	55
0.0714003	7	1	4	55
0.0714004	1	1	4	80
0.0714005	4	1	4	80
0.0715002	1	2	4	55
0.0715002	4	2	4	55
0.0715003	7	1	4	55
0.0715004	1	1	4	80
0.0715005	4	1	4	80
0.0716002	1	2	4	55
0.0716002	4	2	4	55
0.0716003	7	1	4	55
0.0716004	1	1	4	80
0.0716005	4	1	4	80
0.0717002	1	2	4	55
0.0717002	4	2	4	55
0.0717003	7	1	4	55
0.0717004	1	1	4	80
0.0717005	4	1	4	80
0.0718002	1	2	4	55
0.0718002	4	2	4	55
0.0718003	7	1	4	55
0.0718004	1	1	4	80
0.0718005	4	1	4	80
0.0719002	1	2	4	55
0.0719002	4	2	4	55
0.0719003	7	1	4	55
0.0719004	1	1	4	80
0.0719005	4	1	4	80
0.0720002	1	2	4	55
0.0720002	4	2	4	55
0.0720003	7	1	4	55
0.0720004	1	1	4	80
0.0720005	4	1	4	80
0.0721002	1	2	4	55
0.0721002	4	2	4	55
0.0721003	7	1	4	55
0.0721004	1	1	4	80
0.0721005	4	1	4	80
0.0722002	1	2	4	55
0.0722002	4	2	4	55
0.0722003	7	1	4	55
0.0722004	1	1	4	80
0.0722005	4	1	4	80
0.0723002	1	2	4	55
0.0723002	4	2	4	55
0.0723003	7	1	4	55
0.0723004	1	1	4	80
0.0723005	4	1	4	80
0.0724002	1	2	4	55
0.0724002	4	2	4	55
0.0724003	7	1	4	55
0.0724004	1	1	4	80
0.0724005	4	1	4	80
0.0725002	1	2	4	55
0.0725002	4	2	4	55
0.0725003	7	1	4	55
0.0725004	1	1	4	80
0.0725005	4	1	4	80
0.0726002	1	2	4	55
0.0726002	4	2	4	55
0.0726003	7	1	4	55
0.0726004	1	1	4	80
0.0726005	4	1	4	80
0.0727002	1	2	4	55
0.0727002	4	2	4	55
0.0727003	7	1	4	55
0.0727004	1	1	4	80
0.0727005	4	1	4	80
0.0728002	1	2	4	55
0.0728002	4	2	4	55
0.0728003	7	1	4	55
0.0728004	1	1	4	80
0.0728005	4	1	4	80
0.0729002	1	2	4	55
0.0729002	4	2	4	55
0.0729003	7	1	4	55
0.0729004	1	1	4	80
0.0729005	4	1	4	80
0.0730002	1	2	4	55
0.0730002	4	2	4	55
0.0730003	7	1	4	55
0.0730004	1	1	4	80
0.0730005	4	1	4	80
0.0731002	1	2	4	55
0.0731002	4	2	4	55
0.0731003	7	1	4	55
0.0731004	1	1	4	80
0.0731005	4	1	4	80
0.0732002	1	2	4	55
0.0732002	4	2	4	55
0.0732003	7	1	4	55
0.0732004	1	1	4	80
0.0732005	4	1	4	80
0.0733002	1	2	4	55
0.0733002	4	2	4	55
0.0733003	7	1	4	55
0.0733004	1	1	4	80
0.0733005	4	1	4	80
0.0734002	1	2	4	55
0.0734002	4	2	4	55
0.0734003	7	1	4	55
0.0734004	1	1	4	80
0.0734005	4	1	4	80
0.0735002	1	2	4	55
0.0735002	4	2	4	55
0.0735003	7	1	4	55
0.0735004	1	1	4	80
0.0735005	4	1	4	80
0.0736002	1	2	4	55
0.0736002	4	2	4	55
0.0736003	7	1	4	55
0.0736004	1	1	4	80
0.0736005	4	1	4	80
0.0737002	1	2	4	55
0.0737002	4	2	4	55
0.0737003	7	1	4	55
0.0737004	1	1	4	80
0.0737005	4	1	4	80
0.0738002	1	2	4	55
0.0738002	4	2	4	55
0.0738003	7	1	4	55
0.0738004	1	1	4	80
0.0738005	4	1	4	80
0.0739002	1	2	4	55
0.0739002	4	2	4	55
0.0739003	7	1	4	55
0.0739004	1	1	4	80
0.0739005	4	1	4	80
0.0740002	1	2	4	55
0.0740002	4	2	4	55
0.0740003	7	1	4	55
0.0740004	1	1	4	80
0.0740005	4	1	4	80
0.0741002	1	2	4	55
0.0741002	4	2	4	55
0.0741003	7	1	4	55
0.0741004	1	1	4	80
0.0741005	4	1	4	80
0.0742002	1	2	4	55
0.0742002	4	2	4	55
0.0742003	7	1	4	55
0.0742004	1	1	4	80
0.0742005	4	1	4	80
0.0743002	1	2	4	55
0.0743002	4	2	4	55
0.0743003	7	1	4	55
0.0743004	1	1	4	80
0.0743005	4	1	4	80
0.0744002	1	2	4	55
0.0744002	4	2	4	55
0.0744003	7	1	4	55
0.0744004	1	1	4	80
0.0744005	4	1	4	80
0.0745002	1	2	4	55
0.0745002	4	2	4	55
0.0745003	7	1	4	55
0.0745004	1	1	4	80
0.0745005	4	1	4	80
0.0746002	1	2	4	55
0.0746002	4	2	4	55
0.0746003	7	1	4	55
0.0746004	1	1	4	80
0.0746005	4	1	4	80
0.0747002	1	2	4	55
0.0747002	4	2	4	55
0.0747003	7	1	4	55
0.0747004	1	1	4	80
0.0747005	4	1	4	80
0.0748002	1	2	4	55
0.0748002	4	2	4	55
0.0748003	7	1	4	55
0.0748004	1	1	4	80
0.0748005	4	1	4	80
0.0749002	1	2	4	55
0.0749002	4	2	4	55
0.0749003	7	1	4	55
0.0749004	1	1	4	80
0.0749005	4	1	4	80
0.0750002	1	2	4	55
0.0750002	4	2	4	55
0.0750003	7	1	4	55
0.0750004	1	1	4	80
0.0750005	4	1	4	80
0.0751002	1	2	4	55
0.0751002	4	2	4	55
0.0751003	7	1	4	55
0.0751004	1	1	4	80
0.0751005	4	1	4	80
0.0752002	1	2	4	55
0.0752002	4	2	4	55
0.0752003	7	1	4	55
0.0752004	1	1	4	80
0.0752005	4	1	4	80
0.0753002	1	2	4	55
0.0753002	4	2	4	55
0.0753003	7	1	4	55
0.0753004	1	1	4	80
0.0753005	4	1	4	80
0.0754002	1	2	4	55
0.0754002	4	2	4	55
0.0754003	7	1	4	55
0.0754004	1	1	4	80
0.0754005	4	1	4	80
0.0755002	1	2	4	55
0.0755002	4	2	4	55
0.0755003	7	1	4	55
0.0755004	1	1	4	80
0.0755005	4	1	4	80
0.0756002	1	2	4	55
0.0756002	4	2	4	55
0.0756003	7	1	4	55
0.0756004	1	1	4	80
0.0756005	4	1	4	80
0.0757002	1	2	4	55
0.0757002	4	2	4	55
0.0757003	7	1	4	55
0.0757004	1	1	4	80
0.0757005	4	1	4	80
0.0758002	1	2	4	55
0.0758002	4	2	4	55
0.0758003	7	1	4	55
0.0758004	1	1	4	80
0.0758005	4	1	4	80
0.0759002	1	2	4	55
0.0759002	4	2	4	55
0.0759003	7	1	4	55
0.0759004	1	1	4	80
0.0759005	4	1	4	80
0.0760002	1	2	4	55
0.0760002	4	2	4	55
0.0760003	7	1	4	55
0.0760004	1	1	4	80
0.0760005	4	1	4	80
0.0761002	1	2	4	55
0.0761002	4	2	4	55
0.0761003	7	1	4	55
0.0761004	1	1	4	80
0.0761005	4	1	4	80
0.0762002	1	2	4	55
0.0762002	4	2	4	55
0.0762003	7	1	4	55
0.0762004	1	1	4	80
0.0762005	4	1	4	80
0.0763002	1	2	4	55
0.0763002	4	2	4	55
0.0763003	7	1	4	55
0.0763004	1	1	4	80
0.0763005	4	1	4	80
0.0764002	1	2	4	55
0.0764002	4	2	4	55
0.0764003	7	1	4	55
0.0764004	1	1	4	80
0.0764005	4	1	4	80
0.0765002	1	2	4	55
0.0765002	4	2	4	55
0.0765003	7	1	4	55
0.0765004	1	1	4	80
0.0765005	4	1	4	80
0.0766002	1	2	4	55
0.0766002	4	2	4	55
0.0766003	7	1	4	55
0.0766004	1	1	4	80
0.0766005	4	1	4	80
0.0767002	1	2	4	55
0.0767002	4	2	4	55
0.0767003	7	1	4	55
0.0767004	1	1	4	80
0.0767005	4	1	4	80
0.0768002	1	2	4	55
0.0768002	4	2	4	55
0.0768003	7	1	4	55
0.0768004	1	1	4	80
0.0768005	4	1	4	80
0.0769002	1	2	4	55
0.0769002	4	2	4	55
0.0769003	7	1	4	55
0.0769004	1	1	4	80
0.0769005	4	1	4	80
0.0770002	1	2	4	55
0.0770002	4	2	4	55
0.0770003	7	1	4	55
0.0770004	1	1	4	80
0.0770005	4	1	4	80
0.0771002	1	2	4	55
0.0771002	4	2	4	55
0.0771003	7	1	4	55
0.0771004	1	1	4	80
0.0771005	4	1	4	80
0.0772002	1	2	4	55
0.0772002	4	2	4	55
0.0772003	7	1	4	55
0.0772004	1	1	4	80
0.0772005	4	1	4	80
0.0773002	1	2	4	55
0.0773002	4	2	4	55
0.0773003	7	1	4	55
0.0773004	1	1	4	80
0.0773005	4	1	4	80
0.0774002	1	2	4	55
0.0774002	4	2	4	55
0.0774003	7	1	4	55
0.0774004	1	1	4	80
0.0774005	4	1	4	80
0.0775002	1	2	4	55
0.0775002	4	2	4	55
0.0775003	7	1	4	55
0.0775004	1	1	4	80
0.0775005	4	1	4	80
0.0776002	1	2	4	55
0.0776002	4	2	4	55
0.0776003	7	1	4	55
0.0776004	1	1	4	80
0.0776005	4	1	4	80
0.0777002	1	2	4	55
0.0777002	4	2	4	55
0.0777003	7	1	4	55
0.0777004	1	1	4	80
0.0777005	4	1	4	80
0.0778002	1	2	4	55
0.0778002	4	2	4	55
0.0778003	7	1	4	55
0.0778004	1	1	4	80
0.0778005	4	1	4	80
0.0779002	1	2	4	55
0.0779002	4	2	4	55
0.0779003	7	1	4	55
0.0779004	1	1	4	80
0.0779005	4	1	4	80
0.0780002	1	2	4	55
0.0780002	4	2	4	55
0.0780003	7	1	4	55
0.0780004	1	1	4	80
0.0780005	4	1	4	80
0.0781002	1	2	4	55
0.0781002	4	2	4	55
0.0781003	7	1	4	55
0.0781004	1	1	4	80
0.0781005	4	1	4	80
0.0782002	1	2	4	55
0.0782002	4	2	4	55
0.0782003	7	1	4	55
0.0782004	1	1	4	80
0.0782005	4	1	4	80
0.0783002	1	2	4	55
0.0783002	4	2	4	55
0.0783003	7	1	4	55
0.0783004	1	1	4	80
0.0783005	4	1	4	80
0.0784002	1	2	4	55
0.0784002	4	2	4	55
0.0784003	7	1	4	55
0.0784004	1	1	4	80
0.0784005	4	1	4	80
0.0785002	1	2	4	55
0.0785002	4	2	4	55
0.0785003	7	1	4	55
0.0785004	1	1	4	80
0.0785005	4	1	4	80
0.0786002	1	2	4	55
0.0786002	4	2	4	55
0.0786003	7	1	4	55
0.0786004	1	1	4	80
0.0786005	4	1	4	80
0.0787002	1	2	4	55
0.0787002	4	2	4	55
0.0787003	7	1	4	55
0.0787004	1	1	4	80
0.0787005	4	1	4	80
0.0788002	1	2	4	55
0.0788002	4	2	4	55
0.0788003	7	1	4	55
0.0788004	1	1	4	80
0.0788005	4	1	4	80
0.0789002	1	2	4	55
0.0789002	4	2	4	55
0.0789003	7	1	4	55
0.0789004	1	1	4	80
0.0789005	4	1	4	80
0.0790002	1	2	4	55
0.0790002	4	2	4	55
0.0790003	7	1	4	55
0.0790004	1	1	4	80
0.0790005	4	1	4	80
0.0791002	1	2	4	55
0.0791002	4	2	4	55
0.0791003	7	1	4	55
0.0791004	1	1	4	80
0.0791005	4	1	4	80
0.0792002	1	2	4	55
0.0792002	4	2	4	55
0.0792003	7	1	4	55
0.0792004	1	1	4	80
0.0792005	4	1	4	80
0.0793002	1	2	4	55
0.0793002	4	2	4	55
0.0793003	7	1	4	55
0.0793004	1	1	4	80
0.0793005	4	1	4	80
0.0794002	1	2	4	55
0.0794002	4	2	4	55
0.0794003	7	1	4	55
0.0794004	1	1	4	80
0.0794005	4	1	4	80
0.0795002	1	2	4	55
0.0795002	4	2	4	55
0.0795003	7	1	4	55
0.0795004	1	1	4	80
0.0795005	4	1	4	80
0.0796002	1	2	4	55
0.0796002	4	2	4	55
0.0796003	7	1	4	55
0.0796004	1	1	4	80
0.0796005	4	1	4	80
0.0797002	1	2	4	55
0.0797002	4	2	4	55
0.0797003	7	1	4	55
0.0797004	1	1	4	80
0.0797005	4	1	4	80
0.0798002	1	2	4	55
0.0798002	4	2	4	55
0.0798003	7	1	4	55
0.0798004	1	1	4	80
0.0798005	4	1	4	80
0.0799002	1	2	4	55
0.0799002	4	2	4	55
0.0799003	7	1	4	55
0.0799004	1	1	4	80
0.0799005	4	1	4	80
0.0800002	1	2	4	55
0.0800002	4	2	4	55
0.0800003	7	1	4	55
0.0800004	1	1	4	80
0.0800005	4	1	4	80
0.0801002	1	2	4	55
0.0801002	4	2	4	55
0.0801003	7	1	4	55
0.0801004	1	1	4	80
0.0801005	4	1	4	80
0.0802002	1	2	4	55
0.0802002	4	2	4	55
0.0802003	7	1	4	55
0.0802004	1	1	4	80
0.0802005	4	1	4	80
0.0803002	1	2	4	55
0.0803002	4	2	4	55
0.0803003	7	1	4	55
0.0803004	1	1	4	80
0.0803005	4	1	4	80
0.0804002	1	2	4	55
0.0804002	4	2	4	55
0.0804003	7	1	4	55
0.0804004	1	1	4	80
0.0804005	4	1	4	80
0.0805002	1	2	4	55
0.0805002	4	2	4	55
0.0805003	7	1	4	55
0.0805004	1	1	4	80
0.0805005	4	1	4	80
0.0806002	1	2	4	55
0.0806002	4	2	4	55
0.0806003	7	1	4	55
0.0806004	1	1	4	80
0.0806005	4	1	4	80
0.0807002	1	2	4	55
0.0807002	4	2	4	55
0.0807003	7	1	4	55
0.0807004	1	1	4	80
0.0807005	4	1	4	80
0.0808002	1	2	4	55
0.0808002	4	2	4	55
0.0808003	7	1	4	55
0.0808004	1	1	4	80
0.0808005	4	1	4	80
0.0809002	1	2	4	55
0.0809002	4	2	4	55
0.0809003	7	1	4	55
0.0809004	1	1	4	80
0.0809005	4	1	4	80
0.0810002	1	2	4	55
0.0810002	4	2	4	55
0.0810003	7	1	4	55
0.0810004	1	1	4	80
0.0810005	4	1	4	80
0.0811002	1	2	4	55
0.0811002	4	2	4	55
0.0811003	7	1	4	55
0.0811004	1	1	4	80
0.0811005	4	1	4	80
0.0812002	1	2	4	55
0.0812002	4	2	4	55
0.0812003	7	1	4	55
0.0812004	1	1	4	80
0.0812005	4	1	4	80
0.0813002	1	2	4	55
0.0813002	4	2	4	55
0.0813003	7	1	4	55
0.0813004	1	1	4	80
0.0813005	4	1	4	80
0.0814002	1	2	4	55
0.0814002	4	2	4	55
0.0814003	7	1	4	55
0.0814004	1	1	4	80
0.0814005	4	1	4	80
0.0815002	1	2	4	55
0.0815002	4	2	4	55
0.0815003	7	1	4	55
0.0815004	1	1	4	80
0.0815005	4	1	4	80
0.0816002	1	2	4	55
0.0816002	4	2	4	55
0.0816003	7	1	4	55
0.0816004	1	1	4	80
0.0816005	4	1	4	80
0.0817002	1	2	4	55
0.0817002	4	2	4	55
0.0817003	7	1	4	55
0.0817004	1	1	4	80
0.0817005	4	1	4	80
0.0818002	1	2	4	55
0.0818002	4	2	4	55
0.0818003	7	1	4	55
0.0818004	1	1	4	80
0.0818005	4	1	4	80
0.0819002	1	2	4	55
0.0819002	4	2	4	55
0.0819003	7	1	4	55
0.0819004	1	1	4	80
0.0819005	4	1	4	80
0.0820002	1	2	4	55
0.0820002	4	2	4	55
0.0820003	7	1	4	55
0.0820004	1	1	4	80
0.0820005	4	1	4	80
0.0821002	1	2	4	55
0.0821002	4	2	4	55
0.0821003	7	1	4	55
0.0821004	1	1	4	80
0.0821005	4	1	4	80
0.0822002	1	2	4	55
0.0822002	4	2	4	55
0.0822003	7	1	4	55
0.0822004	1	1	4	80
0.0822005	4	1	4	80
0.0823002	1	2	4	55
0.0823002	4	2	4	55
0.0823003	7	1	4	55
0.0823004	1	1	4	80
0.0823005	4	1	4	80
0.0824002	1	2	4	55
0.0824002	4	2	4	55
0.0824003	7	1	4	55
0.0824004	1	1	4	80
0.0824005	4	1	4	80
0.0825002	1	2	4	55
0.0825002	4	2	4	55
0.0825003	7	1	4	55
0.0825004	1	1	4	80
0.0825005	4	1	4	80
0.0826002	1	2	4	55
0.0826002	4	2	4	55
0.0826003	7	1	4	55
0.0826004	1	1	4	80
0.0826005	4	1	4	80
0.0827002	1	2	4	55
0.0827002	4	2	4	55
0.0827003	7	1	4	55
0.0827004	1	1	4	80
0.0827005	4	1	4	80
0.0828002	1	2	4	55
0.0828002	4	2	4	55
0.0828003	7	1	4	55
0.0828004	1	1	4	80
0.0828005	4	1	4	80
0.0829002	1	2	4	55
0.0829002	4	2	4	55
0.0829003	7	1	4	55
0.0829004	1	1	4	80
0.0829005	4	1	4	80
0.0830002	1	2	4	55
0.0830002	4	2	4	55
0.0830003	7	1	4	55
0.0830004	1	1	4	80
0.0830005	4	1	4	80
0.0831002	1	2	4	55
0.0831002	4	2	4	55
0.0831003	7	1	4	55
0.0831004	1	1	4	80
0.0831005	4	1	4	80
0.0832002	1	2	4	55
0.0832002	4	2	4	55
0.0832003	7	1	4	55
0.0832004	1	1	4	80
0.0832005	4	1	4	80
0.0833002	1	2	4	55
0.0833002	4	2	4	55
0.0833003	7	1	4	55
0.0833004	1	1	4	80
0.0833005	4	1	4	80
0.0834002	1	2	4	55
0.0834002	4	2	4	55
0.0834003	7	1	4	55
0.0834004	1	1	4	80
0.0834005	4	1	4	80
0.0835002	1	2	4	55
0.0835002	4	2	4	55
0.0835003	7	1	4	55
0.0835004	1	1	4	80
0.0835005	4	1	4	80
0.0836002	1	2	4	55
0.0836002	4	2	4	55
0.0836003	7	1	4	55
0.0836004	1	1	4	80
0.0836005	4	1	4	80
0.0837002	1	2	4	55
0.0837002	4	2	4	55
0.0837003	7	1	4	55
0.0837004	1	1	4	80
0.0837005	4	1	4	80
0.0838002	1	2	4	55
0.0838002	4	2	4	55
0.0838003	7	1	4	55
0.0838004	1	1	4	80
0.0838005	4	1	4	80
0.0839002	1	2	4	55
0.0839002	4	2	4	55
0.0839003	7	1	4	55
0.0839004	1	1	4	80
0.0839005	4	1	4	80
0.0840002	1	2	4	55
0.0840002	4	2	4	55
0.0840003	7	1	4	55
0.0840004	1	1	4	80
0.0840005	4	1	4	80
0.0841002	1	2	4	55
0.0841002	4	2	4	55
0.0841003	7	1	4	55
0.0841004	1	1	4	80
0.0841005	4	1	4	80
0.0842002	1	2	4	55
0.0842002	4	2	4	55
0.0842003	7	1	4	55
0.0842004	1	1	4	80
0.0842005	4	1	4	80
0.0843002	1	2	4	55
0.0843002	4	2	4	55
0.0843003	7	1	4	55
0.0843004	1	1	4	80
0.0843005	4	1	4	80
0.0844002	1	2	4	55
0.0844002	4	2	4	55
0.0844003	7	1	4	55
0.0844004	1	1	4	80
0.0844005	4	1	4	80
0.0845002	1	2	4	55
0.0845002	4	2	4	55
0.0845003	7	1	4	55
0.0845004	1	1	4	80
0.0845005	4	1	4	80
0.0846002	1	2	4	55
0.0846002	4	2	4	55
0.0846003	7	1	4	55
0.0846004	1	1	4	80
0.0846005	4	1	4	80
0.0847002	1	2	4	55
0.0847002	4	2	4	55
0.0847003	7	1	4	55
0.0847004	1	1	4	80
0.0847005	4	1	4	80
0.0848002	1	2	4	55
0.0848002	4	2	4	55
0.0848003	7	1	4	55
0.0848004	1	1	4	80
0.0848005	4	1	4	80
0.0849002	1	2	4	55
0.0849002	4	2	4	55
0.0849003	7	1	4	55
0.0849004	1	1	4	80
0.0849005	4	1	4	80
0.0850002	1	2	4	55
0.0850002	4	2	4	55
0.0850003	7	1	4	55
0.0850004	1	1	4	80
0.0850005	4	1	4	80
0.0851002	1	2	4	55
0.0851002	4	2	4	55
0.0851003	7	1	4	55
0.0851004	1	1	4	80
0.0851005	4	1	4	80
0.0852002	1	2	4	55
0.0852002	4	2	4	55
0.0852003	7	1	4	55
0.0852004	1	1	4	80
0.0852005	4	1	4	80
0.0853002	1	2	4	55
0.0853002	4	2	4	55
0.0853003	7	1	4	55
0.0853004	1	1	4	80
0.0853005	4	1	4	80
0.0854002	1	2	4	55
0.0854002	4	2	4	55
0.0854003	7	1	4	55
0.0854004	1	1	4	80
0.0854005	4	1	4	80
0.0855002	1	2	4	55
0.0855002	4	2	4	55
0.0855003	7	1	4	55
0.0855004	1	1	4	80
0.0855005	4	1	4	80
0.0856002	1	2	4	55
0.0856002	4	2	4	55
0.0856003	7	1	4	55
0.0856004	1	1	4	80
0.0856005	4	1	4	80
0.0857002	1	2	4	55
0.0857002	4	2	4	55
0.0857003	7	1	4	55
0.0857004	1	1	4	80
0.0857005	4	1	4	80
0.0858002	1	2	4	55
0.0858002	4	2	4	55
0.0858003	7	1	4	55
0.0858004	1	1	4	80
0.0858005	4	1	4	80
0.0859002	1	2	4	55
0.0859002	4	2	4	55
0.0859003	7	1	4	55
0.0859004	1	1	4	80
0.0859005	4	1	4	80
0.0860002	1	2	4	55
0.0860002	4	2	4	55
0.0860003	7	1	4	55
0.0860004	1	1	4	80
0.0860005	4	1	4	80
0.0861002	1	2	4	55
0.0861002	4	2	4	55
0.0861003	7	1	4	55
0.0861004	1	1	4	80
0.0861005	4	1	4	80
0.0862002	1	2	4	55
0.0862002	4	2	4	55
0.0862003	7	1	4	55
0.0862004	1	1	4	80
0.0862005	4	1	4	80
0.0863002	1	2	4	55
0.0863002	4	2	4	55
0.0863003	7	1	4	55
0.0863004	1	1	4	80
0.0863005	4	1	4	80
0.0864002	1	2	4	55
0.0864002	4	2	4	55
0.0864003	7	1	4	55
0.0864004	1	1	4	80
0.0864005	4	1	4	80
0.0865002	1	2	4	55
0.0865002	4	2	4	55
0.0865003	7	1	4	55
0.0865004	1	1	4	80
0.0865005	4	1	4	80
0.0866002	1	2	4	55
0.0866002	4	2	4	55
0.0866003	7	1	4	55
0.0866004	1	1	4	80
0.0866005	4	1	4	80
0.0867002	1	2	4	55
0.0867002	4	2	4	55
0.0867003	7	1	4	55
0.0867004	1	1	4	80
0.0867005	4	1	4	80
0.0868002	1	2	4	55
0.0868002	4	2	4	55
0.0868003	7	1	4	55
0.0868004	1	1	4	80
0.0868005	4	1	4	80
0.0869002	1	2	4	55
0.0869002	4	2	4	55
0.0869003	7	1	4	55
0.0869004	1	1	4	80
0.0869005	4	1	4	80
0.0870002	1	2	4	55
0.0870002	4	2	4	55
0.0870003	7	1	4	55
0.0870004	1	1	4	80
0.0870005	4	1	4	80
0.0871002	1	2	4	55
0.0871002	4	2	4	55
0.0871003	7	1	4	55
0.0871004	1	1	4	80
0.0871005	4	1	4	80
0.0872002	1	2	4	55
0.0872002	4	2	4	55
0.0872003	7	1	4	55
0.0872004	1	1	4	80
0.0872005	4	1	4	80
0.0873002	1	2	4	55
0.0873002	4	2	4	55
0.0873003	7	1	4	55
0.0873004	1	1	4	80
0.0873005	4	1	4	80
0.0874002	1	2	4	55
0.0874002	4	2	4	55
0.0874003	7	1	4	55
0.0874004	1	1	4	80
0.0874005	4	1	4	80
0.0875002	1	2	4	55
0.0875002	4	2	4	55
0.0875003	7	1	4	55
0.0875004	1	1	4	80
0.0875005	4	1	4	80
0.0876002	1	2	4	55
0.0876002	4	2	4	55
0.0876003	7	1	4	55
0.0876004	1	1	4	80
0.0876005	4	1	4	80
0.0877002	1	2	4	55
0.0877002	4	2	4	55
0.0877003	7	1	4	55
0.0877004	1	1	4	80
0.0877005	4	1	4	80
0.0878002	1	2	4	55
0.0878002	4	2	4	55
0.0878003	7	1	4	55
0.0878004	1	1	4	80
0.0878005	4	1	4	80
0.0879002	1	2	4	55
0.0879002	4	2	4	55
0.0879003	7	1	4	55
0.0879004	1	1	4	80
0.0879005	4	1	4	80
0.0880002	1	2	4	55
0.0880002	4	2	4	55
0.0880003	7	1	4	55
0.0880004	1	1	4	80
0.0880005	4	1	4	80
0.0881002	1	2	4	55
0.0881002	4	2	4	55
0.0881003	7	1	4	55
0.0881004	1	1	4	80
0.0881005	4	1	4	80
0.0882002	1	2	4	55
0.0882002	4	2	4	55
0.0882003	7	1	4	55
0.0882004	1	1	4	80
0.0882005	4	1	4	80
0.0883002	1	2	4	55
0.0883002	4	2	4	55
0.0883003	7	1	4	55
0.0883004	1	1	4	80
0.0883005	4	1	4	80
0.0884002	1	2	4	55
0.0884002	4	2	4	55
0.0884003	7	1	4	55
0.0884004	1	1	4	80
0.0884005	4	1	4	80
0.0885002	1	2	4	55
0.0885002	4	2	4	55
0.0885003	7	1	4	55
0.0885004	1	1	4	80
0.0885005	4	1	4	80
0.0886002	1	2	4	55
0.0886002	4	2	4	55
0.0886003	7	1	4	55
0.0886004	1	1	4	80
0.0886005	4	1	4	80
0.0887002	1	2	4	55
0.0887002	4	2	4	55
0.0887003	7	1	4	55
0.0887004	1	1	4	80
0.0887005	4	1	4	80
0.0888002	1	2	4	55
0.0888002	4	2	4	55
0.0888003	7	1	4	55
0.0888004	1	1	4	80
0.0888005	4	1	4	80
0.0889002	1	2	4	55
0.0889002	4	2	4	55
0.0889003	7	1	4	55
0.0889004	1	1	4	80
0.0889005	4	1	4	80
0.0890002	1	2	4	55
0.0890002	4	2	4	55
0.0890003	7	1	4	55
0.0890004	1	1	4	80
0.0890005	4	1	4	80
0.0891002	1	2	4	55
0.0891002	4	2	4	55
0.0891003	7	1	4	55
0.0891004	1	1	4	80
0.0891005	4	1	4	80
0.0892002	1	2	4	55
0.0892002	4	2	4	55
0.0892003	7	1	4	55
0.0892004	1	1	4	80
0.0892005	4	1	4	80
0.0893002	1	2	4	55
0.0893002	4	2	4	55
0.0893003	7	1	4	55
0.0893004	1	1	4	80
0.0893005	4	1	4	80
0.0894002	1	2	4	55
0.0894002	4	2	4	55
0.0894003	7	1	4	55
0.0894004	1	1	4	80
0.0894005	4	1	4	80
0.0895002	1	2	4	55
0.0895002	4	2	4	55
0.0895003	7	1	4	55
0.0895004	1	1	4	80
0.0895005	4	1	4	80
0.0896002	1	2	4	55
0.0896002	4	2	4	55
0.0896003	7	1	4	55
0.0896004	1	1	4	80
0.0896005	4	1	4	80
0.0897002	1	2	4	55
0.0897002	4	2	4	55
0.0897003	7	1	4	55
0.0897004	1	1	4	80
0.0897005	4	1	4	80
0.0898002	1	2	4	55
0.0898002	4	2	4	55
0.0898003	7	1	4	55
0.0898004	1	1	4	80
0.0898005	4	1	4	80
0.0899002	1	2	4	55
0.0899002	4	2	4	55
0.0899003	7	1	4	55
0.0899004	1	1	4	80
0.0899005	4	1	4	80
0.0900002	1	2	4	55
0.0900002	4	2	4	55
0.0900003	7	1	4	55
0.0900004	1	1	4	80
0.0900005	4	1	4	80
0.0901002	1	2	4	55
0.0901002	4	2	4	55
0.0901003	7	1	4	55
0.0901004	1	1	4	80
0.0901005	4	1	4	80
0.0902002	1	2	4	55
0.0902002	4	2	4	55
0.0902003	7	1	4	55
0.0902004	1	1	4	80
0.0902005	4	1	4	80
0.0903002	1	2	4	55
0.0903002	4	2	4	55
0.0903003	7	1	4	55
0.0903004	1	1	4	80
0.0903005	4	1	4	80
0.0904002	1	2	4	55
0.0904002	4	2	4	55
0.0904003	7	1	4	55
0.0904004	1	1	4	80
0.0904005	4	1	4	80
0.0905002	1	2	4	55
0.0905002	4	2	4	55
0.0905003	7	1	4	55
0.0905004	1	1	4	80
0.0905005	4	1	4	80
0.0906002	1	2	4	55
0.0906002	4	2	4	55
0.0906003	7	1	4	55
0.0906004	1	1	4	80
0.0906005	4	1	4	80
0.0907002	1	2	4	55
0.0907002	4	2	4	55
0.0907003	7	1	4	55
0.0907004	1	1	4	80
0.0907005	4	1	4	80
0.0908002	1	2	4	55
0.0908002	4	2	4	55
0.0908003	7	1	4	55
0.0908004	1	1	4	80
0.0908005	4	1	4	80
0.0909002	1	2	4	55
0.0909002	4	2	4	55
0.0909003	7	1	4	55
0.0909004	1	1	4	80
0.0909005	4	1	4	80
0.0910002	1	2	4	55
0.0910002	4	2	4	55
0.0910003	7	1	4	55
0.0910004	1	1	4	80
0.0910005	4	1	4	80
0.0911002	1	2	4	55
0.0911002	4	2	4	55
0.0911003	7	1	4	55
0.0911004	1	1	4	80
0.0911005	4	1	4	80
0.0912002	1	2	4	55
0.0912002	4	2	4	55
0.0912003	7	1	4	55
0.0912004	1	1	4	80
0.0912005	4	1	4	80
0.0913002	1	2	4	55
0.0913002	4	2	4	55
0.0913003	7	1	4	55
0.0913004	1	1	4	80
0.0913005	4	1	4	80
0.0914002	1	2	4	55
0.0914002	4	2	4	55
0.0914003	7	1	4	55
0.0914004	1	1	4	80
0.0914005	4	1	4	80
0.0915002	1	2	4	55
0.0915002	4	2	4	55
0.0915003	7	1	4	55
0.0915004	1	1	4	80
0.0915005	4	1	4	80
0.0916002	1	2	4	55
0.0916002	4	2	4	55
0.0916003	7	1	4	55
0.0916004	1	1	4	80
0.0916005	4	1	4	80
0.0917002	1	2	4	55
0.0917002	4	2	4	55
0.0917003	7	1	4	55
0.0917004	1	1	4	80
0.0917005	4	1	4	80
0.0918002	1	2	4	55
0.0918002	4	2	4	55
0.0918003	7	1	4	55
0.0918004	1	1	4	80
0.0918005	4	1	4	80
0.0919002	1	2	4	55
0.0919002	4	2	4	55
0.0919003	7	1	4	55
0.0919004	1	1	4	80
0.0919005	4	1	4	80
0.0920002	1	2	4	55
0.0920002	4	2	4	55
0.0920003	7	1	4	55
0.0920004	1	1	4	80
0.0920005	4	1	4	80
0.0921002	1	2	4	55
0.0921002	4	2	4	55
0.0921003	7	1	4	55
0.0921004	1	1	4	80
0.0921005	4	1	4	80
0.0922002	1	2	4	55
0.0922002	4	2	4	55
0.0922003	7	1	4	55
0.0922004	1	1	4	80
0.0922005	4	1	4	80
0.0923002	1	2	4	55
0.0923002	4	2	4	55
0.0923003	7	1	4	55
0.0923004	1	1	4	80
0.0923005	4	1	4	80
0.0924002	1	2	4	55
0.0924002	4	2	4	55
0.0924003	7	1	4	55
0.0924004	1	1	4	80
0.0924005	4	1	4	80
0.0925002	1	2	4	55
0.0925002	4	2	4	55
0.0925003	7	1	4	55
0.0925004	1	1	4	80
0.0925005	4	1	4	80
0.0926002	1	2	4	55
0.0926002	4	2	4	55
0.0926003	7	1	4	55
0.0926004	1	1	4	80
0.0926005	4	1	4	80
0.0927002	1	2	4	55
0.0927002	4	2	4	55
0.0927003	7	1	4	55
0.0927004	1	1	4	80
0.0927005	4	1	4	80
0.0928002	1	2	4	55
0.0928002	4	2	4	55
0.0928003	7	1	4	55
0.0928004	1	1	4	80
0.0928005	4	1	4	80
0.0929002	1	2	4	55
0.0929002	4	2	4	55
0.0929003	7	1	4	55
0.0929004	1	1	4	80
0.0929005	4	1	4	80
0.0930002	1	2	4	55
0.0930002	4	2	4	55
0.0930003	7	1	4	55
0.0930004	1	1	4	80
0.0930005	4	1	4	80
0.0931002	1	2	4	55
0.0931002	4	2	4	55
0.0931003	7	1	4	55
0.0931004	1	1	4	80
0.0931005	4	1	4	80
0.0932002	1	2	4	55
0.0932002	4	2	4	55
0.0932003	7	1	4	55
0.0932004	1	1	4	80
0.0932005	4	1	4	80
0.0933002	1	2	4	55
0.0933002	4	2	4	55
0.0933003	7	1	4	55
0.0933004	1	1	4	80
0.0933005	4	1	4	80
0.0934002	1	2	4	55
0.0934002	4	2	4	55
0.0934003	7	1	4	55
0.0934004	1	1	4	80
0.0934005	4	1	4	80
0.0935002	1	2	4	55
0.0935002	4	2	4	55
0.0935003	7	1	4	55
0.0935004	1	1	4	80
0.0935005	4	1	4	80
0.0936002	1	2	4	55
0.0936002	4	2	4	55
0.0936003	7	1	4	55
0.0936004	1	1	4	80
0.0936005	4	1	4	80
0.0937002	1	2	4	55
0.0937002	4	2	4	55
0.0937003	7	1	4	55
0.0937004	1	1	4	80
0.0937005	4	1	4	80
0.0938002	1	2	4	55
0.0938002	4	2	4	55
0.0938003	7	1	4	55
0.0938004	1	1	4	80
0.0938005	4	1	4	80
0.0939002	1	2	4	55
0.0939002	4	2	4	55
0.0939003	7	1	4	55
0.0939004	1	1	4	80
0.0939005	4	1	4	80
0.0940002	1	2	4	55
0.0940002	4	2	4	55
0.0940003	7	1	4	55
0.0940004	1	1	4	80
0.0940005	4	1	4	80
0.0941002	1	2	4	55
0.0941002	4	2	4	55
0.0941003	7	1	4	55
0.0941004	1	1	4	80
0.0941005	4	1	4	80
0.0942002	1	2	4	55
0.0942002	4	2	4	55
0.0942003	7	1	4	55
0.0942004	1	1	4	80
0.0942005	4	1	4	80
0.0943002	1	2	4	55
0.0943002	4	2	4	55
0.0943003	7	1	4	55
0.0943004	1	1	4	80
0.0943005	4	1	4	80
0.0944002	1	2	4	55
0.0944002	4	2	4	55
0.0944003	7	1	4	55
0.0944004	1	1	4	80
0.0944005	4	1	4	80
0.0945002	1	2	4	55
0.0945002	4	2	4	55
0.0945003	7	1	4	55
0.0945004	1	1	4	80
0.0945005	4	1	4	80
0.0946002	1	2	4	55
0.0946002	4	2	4	55
0.0946003	7	1	4	55
0.0946004	1	1	4	80
0.0946005	4	1	4	80
0.0947002	1	2	4	55
0.0947002	4	2	4	55
0.0947003	7	1	4	55
0.0947004	1	1	4	80
0.0947005	4	1	4	80
0.0948002	1	2	4	55
0.0948002	4	2	4	55
0.0948003	7	1	4	55
0.0948004	1	1	4	80
0.0948005	4	1	4	80
0.0949002	1	2	4	55
0.0949002	4	2	4	55
0.0949003	7	1	4	55
0.0949004	1	1	4	80
0.0949005	4	1	4	80
0.0950002	1	2	4	55
0.0950002	4	2	4	55
0.0950003	7	1	4	55
0.0950004	1	1	4	80
0.0950005	4	1	4	80
0.0951002	1	2	4	55
0.0951002	4	2	4	55
0.0951003	7	1	4	55
0.0951004	1	1	4	80
0.0951005	4	1	4	80
0.0952002	1	2	4	55
0.0952002	4	2	4	55
0.0952003	7	1	4	55
0.0952004	1	1	4	80
0.0952005	4	1	4	80
0.0953002	1	2	4	55
0.0953002	4	2	4	55
0.0953003	7	1	4	55
0.0953004	1	1	4	80
0.0953005	4	1	4	80
0.0954002	1	2	4	55
0.0954002	4	2	4	55
0.0954003	7	1	4	55
0.0954004	1	1	4	80
0.0954005	4	1	4	80
0.0955002	1	2	4	55
0.0955002	4	2	4	55
0.0955003	7	1	4	55
0.0955004	1	1	4	80
0.0955005	4	1	4	80
0.0956002	1	2	4	55
0.0956002	4	2	4	55
0.0956003	7	1	4	55
0.0956004	1	1	4	80
0.0956005	4	1	4	80
0.0957002	1	2	4	55
0.0957002	4	2	4	55
0.0957003	7	1	4	55
0.0957004	1	1	4	80
0.0957005	4	1	4	80
0.0958002	1	2	4	55
0.0958002	4	2	4	55
0.0958003	7	1	4	55
0.0958004	1	1	4	80
0.0958005	4	1	4	80
0.0959002	1	2	4	55
0.0959002	4	2	4	55
0.0959003	7	1	4	55
0.0959004	1	1	4	80
0.0959005	4	1	4	80
0.0960002	1	2	4	55
0.0960002	4	2	4	55
0.0960003	7	1	4	55
0.0960004	1	1	4	80
0.0960005	4	1	4	80
0.0961002	1	2	4	55
0.0961002	4	2	4	55
0.0961003	7	1	4	55
0.0961004	1	1	4	80
0.0961005	4	1	4	80
0.0962002	1	2	4	55
0.0962002	4	2	4	55
0.0962003	7	1	4	55
0.0962004	1	1	4	80
0.0962005	4	1	4	80
0.0963002	1	2	4	55
0.0963002	4	2	4	55
0.0963003	7	1	4	55
0.0963004	1	1	4	80
0.0963005	4	1	4	80
0.0964002	1	2	4	55
0.0964002	4	2	4	55
0.0964003	7	1	4	55
0.0964004	1	1	4	80
0.0964005	4	1	4	80
0.0965002	1	2	4	55
0.0965002	4	2	4	55
0.0965003	7	1	4	55
0.0965004	1	1	4	80
0.0965005	4	1	4	80
0.0966002	1	2	4	55
0.0966002	4	2	4	55
0.0966003	7	1	4	55
0.0966004	1	1	4	80
0.0966005	4	1	4	80
0.0967002	1	2	4	55
0.0967002	4	2	4	55
0.0967003	7	1	4	55
0.0967004	1	1	4	80
0.0967005	4	1	4	80
0.0968002	1	2	4	55
0.0968002	4	2	4	55
0.0968003	7	1	4	55
0.0968004	1	1	4	80
0.0968005	4	1	4	80
0.0969002	1	2	4	55
0.0969002	4	2	4	55
0.0969003	7	1	4	55
0.0969004	1	1	4	80
0.0969005	4	1	4	80
0.0970002	1	2	4	55
0.0970002	4	2	4	55
0.0970003	7	1	4	55
0.0970004	1	1	4	80
0.0970005	4	1	4	80
0.0971002	1	2	4	55
0.0971002	4	2	4	55
0.0971003	7	1	4	55
0.0971004	1	1	4	80
0.0971005	4	1	4	80
0.0972002	1	2	4	55
0.0972002	4	2	4	55
0.0972003	7	1	4	55
0.0972004	1	1	4	80
0.0972005	4	1	4	80
0.0973002	1	2	4	55
0.0973002	4	2	4	55
0.0973003	7	1	4	55
0.0973004	1	1	4	80
0.0973005	4	1	4	80
0.0974002	1	2	4	55
0.0974002	4	2	4	55
0.0974003	7	1	4	55
0.0974004	1	1	4	80
0.0974005	4	1	4	80
0.0975002	1	2	4	55
0.0975002	4	2	4	55
0.0975003	7	1	4	55
0.0975004	1	1	4	80
0.0975005	4	1	4	80
0.0976002	1	2	4	55
0.0976002	4	2	4	55
0.0976003	7	1	4	55
0.0976004	1	1	4	80
0.0976005	4	1	4	80
0.0977002	1	2	4	55
0.0977002	4	2	4	55
0.0977003	7	1	4	55
0.0977004	1	1	4	80
0.0977005	4	1	4	80
0.0978002	1	2	4	55
0.0978002	4	2	4	55
0.0978003	7	1	4	55
0.0978004	1	1	4	80
0.0978005	4	1	4	80
0.0979002	1	2	4	55
0.0979002	4	2	4	55
0.0979003	7	1	4	55
0.0979004	1	1	4	80
0.0979005	4	1	4	80
0.0980002	1	2	4	55
0.0980002	4	2	4	55
0.0980003	7	1	4	55
0.0980004	1	1	4	80
0.0980005	4	1	4	80
0.0981002	1	2	4	55
0.0981002	4	2	4	55
0.0981003	7	1	4	55
0.0981004	1	1	4	80
0.0981005	4	1	4	80
0.0982002	1	2	4	55
0.0982002	4	2	4	55
0.0982003	7	1	4	55
0.0982004	1	1	4	80
0.0982005	4	1	4	80
0.0983002	1	2	4	55
0.0983002	4	2	4	55
0.0983003	7	1	4	55
0.0983004	1	1	4	80
0.0983005	4	1	4	80
0.0984002	1	2	4	55
0.0984002	4	2	4	55
0.0984003	7	1	4	55
0.0984004	1	1	4	80
0.0984005	4	1	4	80
0.0985002	1	2	4	55
0.0985002	4	2	4	55
0.0985003	7	1	4	55
0.0985004	1	1	4	80
0.0985005	4	1	4	80
0.0986002	1	2	4	55
0.0986002	4	2	4	55
0.0986003	7	1	4	55
0.0986004	1	1	4	80
0.0986005	4	1	4	80
0.0987002	1	2	4	55
0.0987002	4	2	4	55
0.0987003	7	1	4	55
0.0987004	1	1	4	80
0.0987005	4	1	4	80
0.0988002	1	2	4	55
0.0988002	4	2	4	55
0.0988003	7	1	4	55
0.0988004	1	1	4	80
0.0988005	4	1	4	80
0.0989002	1	2	4	55
0.0989002	4	2	4	55
0.0989003	7	1	4	55
0.0989004	1	1	4	80
0.0989005	4	1	4	80
0.0990002	1	2	4	55
0.0990002	4	2	4	55
0.0990003	7	1	4	55
0.0990004	1	1	4	80
0.0990005	4	1	4	80
0.0991002	1	2	4	55
0.0991002	4	2	4	55
0.0991003	7	1	4	55
0.0991004	1	1	4	80
0.0991005	4	1	4	80
0.0992002	1	2	4	55
0.0992002	4	2	4	55
0.0992003	7	1	4	55
0.0992004	1	1	4	80
0.0992005	4	1	4	80
0.0993002	1	2	4	55
0.0993002	4	2	4	55
0.0993003	7	1	4	55
0.0993004	1	1	4	80
0.0993005	4	1	4	80
0.0994002	1	2	4	55
0.0994002	4	2	4	55
0.0994003	7	1	4	55
0.0994004	1	1	4	80
0.0994005	4	1	4	80
0.0995002	1	2	4	55
0.0995002	4	2	4	55
0.0995003	7	1	4	55
0.0995004	1	1	4	80
0.0995005	4	1	4	80
0.0996002	1	2	4	55
0.0996002	4	2	4	55
0.0996003	7	1	4	55
0.0996004	1	1	4	80
0.0996005	4	1	4	80
0.0997002	1	2	4	55
0.0997002	4	2	4	55
0.0997003	7	1	4	55
0.0997004	1	1	4	80
0.0997005	4	1	4	80
0.0998002	1	2	4	55
0.0998002	4	2	4	55
0.0998003	7	1	4	55
0.0998004	1	1	4	80
0.0998005	4	1	4	80
0.0999002	1	2	4	55
0.0999002	4	2	4	55
0.0999003	7	1	4	55
0.0999004	1	1	4	80
0.0999005	4	1	4	80
