time(s)	cellId	rnti	lcid	packetSize
0.0163125	1	2	4	36
0.0163125	4	2	4	36
0.0163125	7	1	4	36
0.016375	1	2	4	22
0.016375	4	2	4	22
0.016375	7	1	4	22
0.0164375	1	2	4	36
0.0164375	4	2	4	36
0.0164375	7	1	4	36
0.0165	1	1	4	164
0.0165	4	1	4	164
0.0165	1	2	4	25
0.0165	4	2	4	25
0.0165	7	1	4	25
0.0165625	1	2	4	36
0.0165625	4	2	4	36
0.0165625	7	1	4	36
0.016625	1	2	4	36
0.016625	7	1	4	36
0.0166875	1	2	4	49
0.0166875	7	1	4	36
0.01675	1	1	4	168
0.01675	4	1	4	168
0.01675	1	2	4	57
0.01675	7	1	4	36
0.0168125	1	2	4	57
0.0168125	7	1	4	36
0.016875	7	1	4	36
0.0169375	1	2	4	57
0.0169375	7	1	4	36
0.017	1	1	4	168
0.017	4	1	4	168
0.017	4	2	4	36
0.017	7	1	4	36
0.0170625	1	2	4	57
0.0170625	4	2	4	275
0.0170625	7	1	4	73
0.017125	1	2	4	57
0.017125	4	2	4	57
0.017125	7	1	4	57
0.01725	1	1	4	168
0.01725	4	1	4	168
0.01725	1	2	4	57
0.01725	4	2	4	57
0.01725	7	1	4	57
0.0173125	1	2	4	57
0.0173125	4	2	4	57
0.0173125	7	1	4	57
0.0174375	1	2	4	57
0.0174375	7	1	4	57
0.0175	1	1	4	168
0.0175	4	1	4	168
0.0175	4	2	4	36
0.0175625	1	2	4	57
0.0175625	7	1	4	57
0.017625	1	2	4	57
0.017625	7	1	4	57
0.0176875	4	2	4	36
0.01775	1	1	4	168
0.01775	4	1	4	168
0.01775	1	2	4	57
0.01775	4	2	4	36
0.01775	7	1	4	57
0.0178125	1	2	4	57
0.0178125	4	2	4	182
0.0178125	7	1	4	57
0.0179375	1	2	4	57
0.018	1	1	4	393
0.018	4	1	4	393
0.018	4	2	4	57
0.018	7	1	4	36
0.0180625	1	2	4	57
0.0180625	4	2	4	57
0.018125	1	2	4	57
0.018125	4	2	4	57
0.01825	1	1	4	245
0.01825	4	1	4	245
0.01825	1	2	4	57
0.01825	4	2	4	57
0.0183125	1	2	4	57
0.0183125	4	2	4	57
0.0183125	7	1	4	249
0.0184375	1	2	4	57
0.0184375	7	1	4	57
0.0185	1	1	4	164
0.0185	4	1	4	164
0.0185625	1	2	4	57
0.0185625	7	1	4	57
0.018625	1	2	4	57
0.018625	7	1	4	57
0.0186875	4	2	4	36
0.01875	1	1	4	245
0.01875	4	1	4	245
0.01875	1	2	4	57
0.01875	4	2	4	36
0.0188125	1	2	4	57
0.0188125	4	2	4	216
0.0188125	7	1	4	36
0.0189375	1	2	4	57
0.019	1	1	4	164
0.019	4	1	4	164
0.019	4	2	4	57
0.019	7	1	4	36
0.0190625	1	2	4	57
0.0190625	4	2	4	57
0.019125	1	2	4	57
0.019125	7	1	4	216
0.0191875	4	2	4	57
0.01925	1	1	4	245
0.01925	4	1	4	245
0.01925	1	2	4	57
0.01925	4	2	4	57
0.0193125	1	2	4	57
0.0193125	4	2	4	57
0.0193125	7	1	4	114
0.0194375	1	2	4	57
0.0194375	4	2	4	36
0.0194375	7	1	4	57
0.0195	1	1	4	164
0.0195	4	1	4	164
0.0195	4	2	4	23
0.0195625	1	2	4	57
0.0195625	7	1	4	57
0.019625	1	2	4	57
0.019625	7	1	4	57
0.01975	1	1	4	245
0.01975	4	1	4	245
0.01975	1	2	4	57
0.01975	4	2	4	170
0.0198125	1	2	4	57
0.0198125	4	2	4	57
0.0198125	7	1	4	36
0.0199375	1	2	4	57
0.02	1	1	4	164
0.02	4	1	4	164
0.02	4	2	4	57
0.02	7	1	4	36
0.0200625	1	2	4	57
0.020125	1	2	4	57
0.020125	7	1	4	216
0.0201875	4	2	4	36
0.02025	1	1	4	245
0.02025	4	1	4	245
0.02025	1	2	4	57
0.02025	4	2	4	36
0.0203125	1	2	4	57
0.0203125	4	2	4	159
0.0203125	7	1	4	114
0.0204375	1	2	4	57
0.0204375	4	2	4	57
0.0205	1	1	4	164
0.0205	4	1	4	164
0.0205	7	1	4	57
0.0205625	1	2	4	57
0.0205625	4	2	4	57
0.0205625	7	1	4	57
0.020625	1	2	4	57
0.020625	7	1	4	57
0.0206875	4	2	4	57
0.02075	4	1	4	245
0.02075	1	2	4	57
0.02075	7	1	4	57
0.0208125	1	2	4	57
0.0208125	4	2	4	36
0.0208125	7	1	4	57
0.0209375	1	2	4	57
0.0209375	4	2	4	36
0.021	4	1	4	164
0.021	4	2	4	103
0.021	7	1	4	36
0.0210625	1	2	4	57
0.0210625	4	2	4	57
0.021125	1	2	4	57
0.021125	4	2	4	57
0.02125	4	1	4	245
0.02125	1	2	4	57
0.02125	4	2	4	57
0.02125	7	1	4	193
0.0213125	1	2	4	57
0.0213125	4	2	4	57
0.0213125	7	1	4	57
0.0214375	1	2	4	57
0.0215	4	1	4	164
0.0215	4	2	4	36
0.0215	7	1	4	57
0.0215625	1	2	4	57
0.0215625	7	1	4	57
0.021625	1	2	4	57
0.0216875	7	1	4	36
0.02175	4	1	4	245
0.02175	1	2	4	57
0.02175	7	1	4	78
0.0218125	1	2	4	57
0.0218125	4	2	4	249
0.021875	7	1	4	61
0.0219375	1	2	4	57
0.0219375	4	2	4	57
0.022	1	1	4	1223
0.022	4	1	4	164
0.022	7	1	4	57
0.0220625	1	2	4	57
0.0220625	4	2	4	57
0.0220625	7	1	4	57
0.022125	1	2	4	57
0.022125	7	1	4	57
0.0221875	4	2	4	57
0.02225	1	1	4	245
0.02225	4	1	4	245
0.02225	1	2	4	57
0.02225	7	1	4	57
0.0223125	1	2	4	57
0.0223125	4	2	4	36
0.0223125	7	1	4	57
0.0224375	1	2	4	57
0.0224375	4	2	4	36
0.0225	1	1	4	164
0.0225	4	1	4	164
0.0225	4	2	4	103
0.0225	7	1	4	36
0.0225625	1	2	4	57
0.0225625	4	2	4	57
0.022625	1	2	4	57
0.022625	4	2	4	57
0.02275	1	1	4	245
0.02275	4	1	4	245
0.02275	1	2	4	57
0.02275	4	2	4	57
0.02275	7	1	4	193
0.0228125	1	2	4	57
0.0228125	4	2	4	57
0.0228125	7	1	4	57
0.0229375	1	2	4	57
0.023	1	1	4	164
0.023	4	1	4	164
0.023	4	2	4	36
0.023	7	1	4	57
0.0230625	1	2	4	57
0.0230625	7	1	4	57
0.023125	1	2	4	57
0.0231875	7	1	4	36
0.02325	1	1	4	245
0.02325	4	1	4	245
0.02325	1	2	4	57
0.02325	7	1	4	78
0.0233125	1	2	4	57
0.0233125	4	2	4	249
0.023375	7	1	4	61
0.0234375	1	2	4	57
0.0234375	4	2	4	57
0.0235	4	1	4	164
0.0235	7	1	4	57
0.0235625	1	2	4	57
0.0235625	4	2	4	57
0.0235625	7	1	4	57
0.023625	1	2	4	57
0.023625	7	1	4	57
0.0236875	4	2	4	57
0.02375	4	1	4	245
0.02375	1	2	4	57
0.02375	7	1	4	57
0.0238125	1	2	4	57
0.0238125	4	2	4	36
0.0238125	7	1	4	57
0.0239375	1	2	4	57
0.0239375	4	2	4	36
0.024	4	1	4	164
0.024	4	2	4	103
0.024	7	1	4	36
0.0240625	1	2	4	57
0.0240625	4	2	4	57
0.024125	1	2	4	57
0.024125	4	2	4	57
0.02425	4	1	4	245
0.02425	1	2	4	57
0.02425	4	2	4	57
0.02425	7	1	4	193
0.0243125	1	2	4	57
0.0243125	4	2	4	57
0.0243125	7	1	4	57
0.0244375	1	2	4	57
0.0244375	7	1	4	57
0.0245	4	1	4	164
0.0245	4	2	4	36
0.0245625	1	2	4	57
0.0245625	7	1	4	57
0.024625	1	2	4	57
0.0246875	7	1	4	36
0.02475	1	1	4	1223
0.02475	4	1	4	245
0.02475	1	2	4	57
0.02475	4	2	4	193
0.0248125	1	2	4	57
0.0248125	4	2	4	57
0.0248125	7	1	4	36
0.0249375	1	2	4	57
0.0249375	4	2	4	57
0.025	1	1	4	164
0.025	4	1	4	164
0.025	7	1	4	159
0.0250625	1	2	4	57
0.0250625	4	2	4	57
0.025125	1	2	4	57
0.025125	7	1	4	114
0.0251875	4	2	4	36
0.02525	1	1	4	245
0.02525	4	1	4	245
0.02525	1	2	4	57
0.02525	7	1	4	57
0.0253125	1	2	4	57
0.0253125	4	2	4	36
0.0253125	7	1	4	57
0.0254375	1	2	4	57
0.0254375	4	2	4	36
0.0255	1	1	4	164
0.0255	4	1	4	164
0.0255	4	2	4	125
0.0255	7	1	4	36
0.0255625	1	2	4	57
0.025625	1	2	4	57
0.025625	4	2	4	114
0.0256875	7	1	4	36
0.02575	1	1	4	245
0.02575	4	1	4	245
0.02575	1	2	4	57
0.02575	4	2	4	57
0.0258125	1	2	4	57
0.0258125	4	2	4	57
0.0258125	7	1	4	216
0.0259375	1	2	4	57
0.026	1	1	4	164
0.026	4	1	4	164
0.026	4	2	4	36
0.026	7	1	4	57
0.0260625	1	2	4	57
0.0260625	7	1	4	57
0.026125	1	2	4	57
0.026125	7	1	4	57
0.0261875	4	2	4	36
0.02625	4	1	4	245
0.02625	1	2	4	57
0.02625	7	1	4	57
0.0263125	1	2	4	57
0.0263125	4	2	4	216
0.0264375	1	2	4	57
0.0264375	4	2	4	57
0.0265	4	1	4	164
0.0265	7	1	4	36
0.0265625	1	2	4	57
0.0265625	4	2	4	57
0.026625	1	2	4	57
0.026625	7	1	4	36
0.0266875	4	2	4	57
0.02675	4	1	4	245
0.02675	1	2	4	57
0.0268125	1	2	4	57
0.0268125	4	2	4	36
0.0268125	7	1	4	272
0.0269375	1	2	4	57
0.0269375	4	2	4	36
0.0269375	7	1	4	57
0.027	4	1	4	164
0.027	4	2	4	103
0.0270625	1	2	4	57
0.0270625	7	1	4	57
0.027125	1	2	4	57
0.027125	4	2	4	114
0.0271875	7	1	4	57
0.02725	4	1	4	245
0.02725	1	2	4	57
0.02725	4	2	4	57
0.0273125	1	2	4	57
0.0273125	4	2	4	57
0.0273125	7	1	4	36
0.0274375	1	2	4	57
0.0274375	7	1	4	36
0.0275	1	1	4	1223
0.0275	4	1	4	164
0.0275	4	2	4	36
0.0275	7	1	4	103
0.0275625	1	2	4	57
0.0275625	7	1	4	57
0.027625	1	2	4	57
0.027625	7	1	4	57
0.0276875	4	2	4	36
0.02775	1	1	4	245
0.02775	4	1	4	245
0.02775	1	2	4	57
0.02775	7	1	4	57
0.0278125	1	2	4	57
0.0278125	4	2	4	216
0.0279375	1	2	4	57
0.028	1	1	4	164
0.028	4	1	4	164
0.028	4	2	4	57
0.028	7	1	4	36
0.0280625	1	2	4	57
0.0280625	4	2	4	57
0.028125	1	2	4	57
0.028125	7	1	4	36
0.0281875	4	2	4	57
0.0281875	7	1	4	159
0.02825	1	1	4	245
0.02825	4	1	4	245
0.02825	1	2	4	57
0.02825	4	2	4	57
0.0283125	1	2	4	57
0.0283125	4	2	4	57
0.0283125	7	1	4	114
0.0284375	1	2	4	57
0.0284375	7	1	4	57
0.0285	1	1	4	164
0.0285	4	1	4	164
0.0285	4	2	4	57
0.0285625	1	2	4	57
0.0285625	7	1	4	57
0.028625	1	2	4	57
0.028625	7	1	4	57
0.0286875	4	2	4	36
0.02875	1	1	4	245
0.02875	4	1	4	245
0.02875	1	2	4	57
0.02875	4	2	4	36
0.0288125	1	2	4	57
0.0288125	4	2	4	159
0.0288125	7	1	4	36
0.0289375	1	2	4	57
0.029	4	1	4	164
0.029	4	2	4	57
0.029	7	1	4	36
0.0290625	1	2	4	57
0.0290625	4	2	4	57
0.029125	1	2	4	57
0.029125	7	1	4	216
0.0291875	4	2	4	57
0.02925	4	1	4	245
0.02925	1	2	4	57
0.02925	4	2	4	57
0.0293125	1	2	4	57
0.0293125	4	2	4	57
0.0293125	7	1	4	114
0.0294375	1	2	4	57
0.0294375	4	2	4	36
0.0294375	7	1	4	57
0.0295	4	1	4	164
0.0295	4	2	4	23
0.0295625	1	2	4	57
0.0295625	7	1	4	57
0.029625	1	2	4	57
0.029625	7	1	4	57
0.02975	4	1	4	245
0.02975	1	2	4	57
0.02975	4	2	4	170
0.0298125	1	2	4	57
0.0298125	4	2	4	57
0.0298125	7	1	4	36
0.0299375	1	2	4	57
0.03	4	1	4	164
0.03	4	2	4	57
0.03	7	1	4	36
0.0300625	1	2	4	57
0.0300625	7	1	4	36
0.030125	1	2	4	57
0.030125	7	1	4	182
0.0301875	4	2	4	36
0.03025	1	1	4	1223
0.03025	4	1	4	245
0.03025	1	2	4	57
0.03025	4	2	4	36
0.0303125	1	2	4	57
0.0303125	4	2	4	159
0.0303125	7	1	4	114
0.0304375	1	2	4	57
0.0305	1	1	4	164
0.0305	4	1	4	164
0.0305	4	2	4	57
0.0305	7	1	4	57
0.0305625	1	2	4	57
0.0305625	4	2	4	57
0.0305625	7	1	4	57
0.030625	1	2	4	57
0.030625	7	1	4	57
0.0306875	4	2	4	57
0.03075	1	1	4	245
0.03075	4	1	4	245
0.03075	1	2	4	57
0.03075	4	2	4	57
0.03075	7	1	4	57
0.0308125	1	2	4	57
0.0308125	4	2	4	57
0.0309375	1	2	4	57
0.0309375	4	2	4	36
0.031	1	1	4	164
0.031	4	1	4	164
0.031	4	2	4	23
0.031	7	1	4	36
0.0310625	1	2	4	57
0.031125	1	2	4	57
0.031125	7	1	4	36
0.03125	1	1	4	245
0.03125	4	1	4	245
0.03125	1	2	4	57
0.03125	4	2	4	170
0.03125	7	1	4	216
0.0313125	1	2	4	57
0.0313125	4	2	4	57
0.0313125	7	1	4	57
0.0314375	1	2	4	57
0.0314375	4	2	4	57
0.0314375	7	1	4	57
0.0315	1	1	4	164
0.0315	4	1	4	164
0.0315625	1	2	4	57
0.0315625	7	1	4	57
0.031625	1	2	4	57
0.0316875	4	2	4	36
0.0316875	7	1	4	36
0.03175	4	1	4	245
0.03175	1	2	4	57
0.03175	7	1	4	80
0.0318125	1	2	4	57
0.0318125	4	2	4	36
0.0318125	7	1	4	57
0.031875	4	2	4	36
0.0319375	1	2	4	57
0.0319375	4	2	4	182
0.032	4	1	4	164
0.032	7	1	4	57
0.0320625	1	2	4	57
0.032125	1	2	4	57
0.032125	4	2	4	114
0.0321875	7	1	4	36
0.03225	4	1	4	245
0.03225	1	2	4	57
0.03225	7	1	4	36
0.0323125	1	2	4	57
0.0323125	4	2	4	114
0.0323125	7	1	4	159
0.0324375	1	2	4	57
0.0324375	7	1	4	57
0.0325	4	1	4	164
0.0325	4	2	4	36
0.0325625	1	2	4	57
0.0325625	4	2	4	36
0.0325625	7	1	4	57
0.032625	1	2	4	57
0.032625	4	2	4	103
0.0326875	7	1	4	57
0.03275	4	1	4	245
0.03275	1	2	4	57
0.03275	7	1	4	57
0.0328125	1	2	4	57
0.0328125	4	2	4	114
0.0328125	7	1	4	57
0.0329375	1	2	4	57
0.0329375	7	1	4	36
0.033	1	1	4	1223
0.033	4	1	4	164
0.033	4	2	4	36
0.033	7	1	4	23
0.0330625	1	2	4	57
0.0330625	4	2	4	36
0.033125	1	2	4	57
0.0331875	4	2	4	32
0.0331875	7	1	4	36
0.03325	1	1	4	245
0.03325	4	1	4	245
0.03325	1	2	4	57
0.03325	7	1	4	136
0.0333125	1	2	4	57
0.0333125	4	2	4	186
0.0334375	1	2	4	57
0.0335	1	1	4	164
0.0335	4	1	4	164
0.0335	4	2	4	57
0.0335	7	1	4	114
0.0335625	1	2	4	57
0.0335625	4	2	4	57
0.033625	1	2	4	57
0.033625	7	1	4	114
0.0336875	4	2	4	57
0.03375	1	1	4	245
0.03375	4	1	4	245
0.03375	1	2	4	57
0.03375	4	2	4	57
0.0338125	1	2	4	57
0.0338125	4	2	4	57
0.0338125	7	1	4	114
0.0339375	1	2	4	57
0.0339375	4	2	4	36
0.0339375	7	1	4	57
0.034	1	1	4	164
0.034	4	1	4	164
0.034	4	2	4	23
0.0340625	1	2	4	57
0.0340625	7	1	4	57
0.034125	1	2	4	57
0.034125	7	1	4	57
0.03425	1	1	4	245
0.03425	4	1	4	245
0.03425	1	2	4	57
0.03425	4	2	4	170
0.0343125	1	2	4	57
0.0343125	4	2	4	57
0.0343125	7	1	4	36
0.0344375	1	2	4	57
0.0344375	4	2	4	57
0.0345	4	1	4	164
0.0345	7	1	4	36
0.0345625	1	2	4	57
0.0345625	7	1	4	36
0.034625	1	2	4	57
0.034625	7	1	4	182
0.0346875	4	2	4	36
0.03475	4	1	4	245
0.03475	1	2	4	57
0.03475	7	1	4	57
0.0348125	1	2	4	57
0.0348125	4	2	4	36
0.0348125	7	1	4	57
0.034875	4	2	4	36
0.0349375	1	2	4	57
0.035	4	1	4	164
0.035	4	2	4	182
0.035	7	1	4	57
0.0350625	1	2	4	57
0.0350625	4	2	4	57
0.035125	1	2	4	57
0.035125	4	2	4	57
0.0351875	7	1	4	32
0.03525	4	1	4	245
0.03525	1	2	4	57
0.03525	4	2	4	57
0.03525	7	1	4	36
0.0353125	1	2	4	57
0.0353125	4	2	4	57
0.035375	7	1	4	162
0.0354375	1	2	4	57
0.0355	4	1	4	164
0.0355	4	2	4	36
0.0355	7	1	4	60
0.0355625	1	2	4	57
0.0355625	7	1	4	57
0.035625	1	2	4	57
0.035625	7	1	4	57
0.03575	1	1	4	1223
0.03575	4	1	4	245
0.03575	1	2	4	57
0.03575	7	1	4	57
0.0358125	1	2	4	57
0.0358125	4	2	4	249
0.0359375	1	2	4	57
0.036	1	1	4	164
0.036	4	1	4	164
0.036	4	2	4	57
0.036	7	1	4	36
0.0360625	1	2	4	57
0.0360625	4	2	4	57
0.036125	1	2	4	57
0.036125	7	1	4	36
0.0361875	4	2	4	57
0.03625	1	1	4	245
0.03625	4	1	4	245
0.03625	1	2	4	57
0.03625	4	2	4	57
0.0363125	1	2	4	57
0.0363125	4	2	4	57
0.0363125	7	1	4	272
0.0364375	1	2	4	57
0.0364375	4	2	4	36
0.0364375	7	1	4	57
0.0365	1	1	4	164
0.0365	4	1	4	164
0.0365	4	2	4	23
0.0365625	1	2	4	57
0.0365625	7	1	4	57
0.036625	1	2	4	57
0.036625	7	1	4	57
0.0366875	4	2	4	36
0.03675	1	1	4	245
0.03675	4	1	4	245
0.03675	1	2	4	57
0.03675	4	2	4	136
0.0368125	1	2	4	57
0.0368125	4	2	4	57
0.0368125	7	1	4	36
0.0369375	1	2	4	57
0.037	1	1	4	164
0.037	4	1	4	164
0.037	4	2	4	57
0.037	7	1	4	36
0.0370625	1	2	4	57
0.037125	1	2	4	57
0.037125	7	1	4	216
0.0371875	4	2	4	36
0.03725	4	1	4	245
0.03725	1	2	4	57
0.03725	4	2	4	136
0.0373125	1	2	4	57
0.0373125	4	2	4	57
0.0373125	7	1	4	114
0.0374375	1	2	4	57
0.0375	4	1	4	164
0.0375	4	2	4	57
0.0375	7	1	4	57
0.0375625	1	2	4	57
0.0375625	7	1	4	57
0.037625	1	2	4	57
0.037625	7	1	4	57
0.0376875	4	2	4	36
0.03775	4	1	4	245
0.03775	1	2	4	57
0.03775	4	2	4	36
0.03775	7	1	4	57
0.0378125	1	2	4	57
0.0378125	4	2	4	159
0.0379375	1	2	4	57
0.038	4	1	4	164
0.038	4	2	4	57
0.038	7	1	4	36
0.0380625	1	2	4	57
0.0380625	4	2	4	57
0.038125	1	2	4	57
0.038125	7	1	4	36
0.0381875	4	2	4	57
0.0381875	7	1	4	159
0.03825	4	1	4	245
0.03825	1	2	4	57
0.03825	4	2	4	57
0.0383125	1	2	4	57
0.0383125	4	2	4	57
0.0383125	7	1	4	114
0.0384375	1	2	4	57
0.0384375	7	1	4	57
0.0385	1	1	4	1223
0.0385	4	1	4	164
0.0385	4	2	4	57
0.0385625	1	2	4	57
0.0385625	7	1	4	57
0.038625	1	2	4	57
0.038625	7	1	4	57
0.0386875	4	2	4	36
0.03875	1	1	4	245
0.03875	4	1	4	245
0.03875	1	2	4	57
0.03875	4	2	4	36
0.0388125	1	2	4	57
0.0388125	4	2	4	159
0.0388125	7	1	4	36
0.0389375	1	2	4	57
0.039	1	1	4	164
0.039	4	1	4	164
0.039	4	2	4	57
0.039	7	1	4	36
0.0390625	1	2	4	57
0.0390625	4	2	4	57
0.039125	1	2	4	57
0.039125	7	1	4	216
0.0391875	4	2	4	57
0.03925	1	1	4	245
0.03925	4	1	4	245
0.03925	1	2	4	57
0.03925	4	2	4	57
0.0393125	1	2	4	57
0.0393125	4	2	4	57
0.0393125	7	1	4	114
0.0394375	1	2	4	57
0.0394375	4	2	4	36
0.0394375	7	1	4	57
0.0395	1	1	4	164
0.0395	4	1	4	164
0.0395	4	2	4	23
0.0395625	1	2	4	57
0.0395625	7	1	4	57
0.039625	1	2	4	57
0.039625	7	1	4	57
0.03975	1	1	4	245
0.03975	4	1	4	245
0.03975	1	2	4	57
0.03975	4	2	4	170
0.0398125	1	2	4	57
0.0398125	4	2	4	57
0.0398125	7	1	4	36
0.0399375	1	2	4	57
0.0399375	4	2	4	57
0.04	4	1	4	164
0.04	7	1	4	36
0.0400625	1	2	4	57
0.040125	1	2	4	57
0.040125	7	1	4	216
0.0401875	4	2	4	36
0.04025	4	1	4	245
0.04025	1	2	4	57
0.0403125	1	2	4	57
0.0403125	4	2	4	36
0.0403125	7	1	4	114
0.040375	4	2	4	36
0.0404375	1	2	4	57
0.0404375	4	2	4	182
0.0405	4	1	4	164
0.0405	7	1	4	57
0.0405625	1	2	4	57
0.0405625	7	1	4	57
0.040625	1	2	4	57
0.040625	4	2	4	114
0.0406875	7	1	4	36
0.04075	4	1	4	245
0.04075	1	2	4	57
0.04075	4	2	4	57
0.04075	7	1	4	36
0.0408125	1	2	4	57
0.0408125	4	2	4	57
0.0408125	7	1	4	103
0.0409375	1	2	4	57
0.0409375	7	1	4	36
0.041	4	1	4	164
0.041	4	2	4	36
0.041	7	1	4	23
0.0410625	1	2	4	57
0.0410625	7	1	4	57
0.041125	1	2	4	57
0.0411875	4	2	4	36
0.0411875	7	1	4	36
0.04125	1	1	4	1223
0.04125	4	1	4	245
0.04125	1	2	4	57
0.04125	4	2	4	36
0.04125	7	1	4	80
0.0413125	1	2	4	57
0.0413125	4	2	4	182
0.0414375	1	2	4	57
0.0414375	4	2	4	57
0.0415	1	1	4	164
0.0415	4	1	4	164
0.0415	7	1	4	114
0.0415625	1	2	4	57
0.0415625	4	2	4	57
0.041625	1	2	4	57
0.041625	4	2	4	57
0.041625	7	1	4	36
0.0416875	7	1	4	80
0.04175	1	1	4	245
0.04175	4	1	4	245
0.04175	1	2	4	57
0.04175	7	1	4	57
0.0418125	1	2	4	57
0.0418125	4	2	4	36
0.0418125	7	1	4	57
0.0419375	1	2	4	57
0.0419375	7	1	4	57
0.042	1	1	4	164
0.042	4	1	4	164
0.042	4	2	4	36
0.0420625	1	2	4	57
0.0420625	4	2	4	36
0.042125	1	2	4	57
0.042125	4	2	4	182
0.0421875	7	1	4	36
0.04225	1	1	4	245
0.04225	4	1	4	245
0.04225	1	2	4	57
0.04225	4	2	4	57
0.0423125	1	2	4	57
0.0423125	4	2	4	57
0.0423125	7	1	4	36
0.0424375	1	2	4	57
0.0424375	4	2	4	57
0.0424375	7	1	4	216
0.0425	1	1	4	164
0.0425	4	1	4	164
0.0425625	1	2	4	57
0.0425625	7	1	4	57
0.042625	1	2	4	57
0.042625	7	1	4	57
0.0426875	4	2	4	36
0.04275	4	1	4	245
0.04275	1	2	4	57
0.04275	7	1	4	57
0.0428125	1	2	4	57
0.0428125	4	2	4	36
0.0428125	7	1	4	57
0.042875	4	2	4	36
0.0429375	1	2	4	57
0.043	4	1	4	164
0.043	4	2	4	182
0.043	7	1	4	36
0.0430625	1	2	4	57
0.0430625	4	2	4	57
0.043125	1	2	4	57
0.043125	4	2	4	57
0.04325	4	1	4	245
0.04325	1	2	4	57
0.04325	4	2	4	57
0.0433125	1	2	4	57
0.0433125	4	2	4	57
0.0433125	7	1	4	249
0.0434375	1	2	4	57
0.0434375	7	1	4	57
0.0435	4	1	4	164
0.0435625	1	2	4	57
0.0435625	7	1	4	57
0.043625	1	2	4	57
0.043625	7	1	4	57
0.0436875	4	2	4	36
0.04375	4	1	4	245
0.04375	1	2	4	57
0.04375	4	2	4	36
0.0438125	1	2	4	57
0.0438125	7	1	4	36
0.043875	4	2	4	216
0.0439375	1	2	4	57
0.044	1	1	4	1223
0.044	4	1	4	164
0.044	4	2	4	57
0.044	7	1	4	36
0.0440625	1	2	4	57
0.0440625	4	2	4	57
0.044125	1	2	4	57
0.044125	4	2	4	57
0.044125	7	1	4	216
0.04425	1	1	4	245
0.04425	4	1	4	245
0.04425	1	2	4	57
0.04425	4	2	4	57
0.0443125	1	2	4	57
0.0443125	4	2	4	57
0.0443125	7	1	4	114
0.0444375	1	2	4	57
0.0444375	7	1	4	57
0.0445	1	1	4	164
0.0445	4	1	4	164
0.0445	4	2	4	36
0.0445625	1	2	4	57
0.0445625	7	1	4	57
0.044625	1	2	4	57
0.044625	7	1	4	57
0.04475	1	1	4	245
0.04475	4	1	4	245
0.04475	1	2	4	57
0.04475	4	2	4	193
0.0448125	1	2	4	57
0.0448125	4	2	4	57
0.0448125	7	1	4	36
0.0449375	1	2	4	57
0.045	1	1	4	164
0.045	4	1	4	164
0.045	4	2	4	57
0.045	7	1	4	36
0.0450625	1	2	4	57
0.0450625	7	1	4	36
0.045125	1	2	4	57
0.045125	7	1	4	182
0.0451875	4	2	4	36
0.04525	1	1	4	245
0.04525	4	1	4	245
0.04525	1	2	4	57
0.04525	4	2	4	36
0.0453125	1	2	4	57
0.0453125	4	2	4	159
0.0453125	7	1	4	114
0.0454375	1	2	4	57
0.0454375	4	2	4	57
0.0455	4	1	4	164
0.0455	7	1	4	57
0.0455625	1	2	4	57
0.0455625	4	2	4	57
0.0455625	7	1	4	57
0.045625	1	2	4	57
0.045625	7	1	4	57
0.0456875	4	2	4	57
0.04575	4	1	4	245
0.04575	1	2	4	57
0.04575	7	1	4	57
0.0458125	1	2	4	57
0.0458125	4	2	4	36
0.0458125	7	1	4	57
0.0459375	1	2	4	57
0.0459375	4	2	4	36
0.046	4	1	4	164
0.046	4	2	4	103
0.046	7	1	4	36
0.0460625	1	2	4	57
0.046125	1	2	4	57
0.046125	4	2	4	114
0.04625	4	1	4	245
0.04625	1	2	4	57
0.04625	4	2	4	57
0.04625	7	1	4	193
0.0463125	1	2	4	57
0.0463125	4	2	4	57
0.0463125	7	1	4	57
0.0464375	1	2	4	57
0.0464375	7	1	4	57
0.0465	4	1	4	164
0.0465	4	2	4	36
0.0465625	1	2	4	57
0.0465625	7	1	4	57
0.046625	1	2	4	57
0.0466875	4	2	4	36
0.0466875	7	1	4	36
0.04675	1	1	4	1223
0.04675	4	1	4	245
0.04675	1	2	4	57
0.04675	7	1	4	80
0.0468125	1	2	4	57
0.0468125	4	2	4	216
0.0468125	7	1	4	57
0.0469375	1	2	4	57
0.0469375	4	2	4	57
0.047	1	1	4	164
0.047	4	1	4	164
0.047	7	1	4	57
0.0470625	1	2	4	57
0.0470625	4	2	4	57
0.047125	1	2	4	57
0.047125	4	2	4	57
0.0471875	7	1	4	36
0.04725	1	1	4	245
0.04725	4	1	4	245
0.04725	1	2	4	57
0.04725	7	1	4	36
0.0473125	1	2	4	57
0.0473125	4	2	4	36
0.0473125	7	1	4	159
0.0474375	1	2	4	57
0.0474375	7	1	4	57
0.0475	1	1	4	164
0.0475	4	1	4	164
0.0475	4	2	4	36
0.0475625	1	2	4	57
0.0475625	7	1	4	57
0.047625	1	2	4	57
0.047625	4	2	4	216
0.0476875	7	1	4	57
0.04775	1	1	4	245
0.04775	4	1	4	245
0.04775	1	2	4	57
0.0478125	1	2	4	57
0.0478125	4	2	4	114
0.0478125	7	1	4	36
0.0479375	1	2	4	57
0.0479375	7	1	4	36
0.048	1	1	4	164
0.048	4	1	4	164
0.048	4	2	4	57
0.048	7	1	4	103
0.0480625	1	2	4	57
0.0480625	4	2	4	57
0.048125	1	2	4	57
0.048125	7	1	4	114
0.0481875	4	2	4	32
0.04825	4	1	4	245
0.04825	1	2	4	57
0.04825	4	2	4	36
0.04825	7	1	4	57
0.0483125	1	2	4	57
0.0483125	4	2	4	107
0.048375	7	1	4	57
0.0484375	1	2	4	57
0.0484375	7	1	4	57
0.0485	4	1	4	164
0.0485625	1	2	4	57
0.0485625	4	2	4	114
0.048625	1	2	4	57
0.048625	7	1	4	36
0.0486875	4	2	4	36
0.0486875	7	1	4	80
0.04875	4	1	4	245
0.04875	1	2	4	57
0.04875	4	2	4	36
0.0488125	1	2	4	57
0.0488125	4	2	4	103
0.0488125	7	1	4	36
0.048875	7	1	4	36
0.0489375	1	2	4	57
0.0489375	7	1	4	103
0.049	4	1	4	164
0.049	4	2	4	57
0.0490625	1	2	4	57
0.0490625	4	2	4	57
0.049125	1	2	4	57
0.049125	7	1	4	114
0.04925	4	1	4	245
0.04925	1	2	4	57
0.04925	4	2	4	114
0.0493125	1	2	4	57
0.0493125	4	2	4	57
0.0493125	7	1	4	36
0.049375	7	1	4	80
0.0494375	1	2	4	57
0.0494375	7	1	4	57
0.0495	1	1	4	1223
0.0495	4	1	4	164
0.0495	4	2	4	57
0.0495625	1	2	4	57
0.0495625	7	1	4	57
0.049625	1	2	4	57
0.049625	7	1	4	57
0.04975	1	1	4	245
0.04975	4	1	4	245
0.04975	1	2	4	57
0.04975	4	2	4	170
0.0498125	1	2	4	57
0.0498125	4	2	4	57
0.0498125	7	1	4	36
0.0499375	1	2	4	57
0.05	1	1	4	164
0.05	4	1	4	164
0.05	4	2	4	57
0.05	7	1	4	36
0.0500625	1	2	4	57
0.050125	1	2	4	57
0.050125	7	1	4	216
0.0501875	4	2	4	36
0.05025	1	1	4	245
0.05025	4	1	4	245
0.05025	1	2	4	57
0.05025	4	2	4	136
0.0503125	1	2	4	57
0.0503125	4	2	4	57
0.0503125	7	1	4	114
0.0504375	1	2	4	57
0.0504375	4	2	4	57
0.0505	1	1	4	164
0.0505	4	1	4	164
0.0505	7	1	4	57
0.0505625	1	2	4	57
0.0505625	7	1	4	57
0.050625	1	2	4	57
0.050625	7	1	4	57
0.0506875	4	2	4	36
0.05075	1	1	4	245
0.05075	4	1	4	245
0.05075	1	2	4	57
0.05075	7	1	4	57
0.0508125	1	2	4	57
0.0508125	4	2	4	36
0.0508125	7	1	4	57
0.050875	4	2	4	36
0.0509375	1	2	4	57
0.0509375	4	2	4	182
0.051	4	1	4	164
0.051	7	1	4	36
0.0510625	1	2	4	57
0.0510625	4	2	4	57
0.051125	1	2	4	57
0.051125	4	2	4	57
0.0511875	7	1	4	36
0.05125	4	1	4	245
0.05125	1	2	4	57
0.0513125	1	2	4	57
0.0513125	4	2	4	114
0.0513125	7	1	4	216
0.0514375	1	2	4	57
0.0515	4	1	4	164
0.0515	4	2	4	36
0.0515	7	1	4	57
0.0515625	1	2	4	57
0.0515625	4	2	4	36
0.0515625	7	1	4	57
0.051625	1	2	4	57
0.051625	4	2	4	103
0.0516875	7	1	4	57
0.05175	4	1	4	245
0.05175	1	2	4	57
0.05175	7	1	4	57
0.0518125	1	2	4	57
0.0518125	4	2	4	114
0.0519375	1	2	4	57
0.0519375	7	1	4	36
0.052	4	1	4	164
0.052	4	2	4	36
0.052	7	1	4	80
0.0520625	1	2	4	57
0.0520625	4	2	4	80
0.0520625	7	1	4	57
0.052125	1	2	4	57
0.052125	7	1	4	57
0.0521875	4	2	4	36
0.05225	1	1	4	1223
0.05225	4	1	4	245
0.05225	1	2	4	57
0.05225	4	2	4	36
0.05225	7	1	4	57
0.0523125	1	2	4	57
0.0523125	4	2	4	103
0.0524375	1	2	4	57
0.0524375	4	2	4	36
0.0525	1	1	4	164
0.0525	4	1	4	164
0.0525	4	2	4	23
0.0525	7	1	4	36
0.0525625	1	2	4	57
0.0525625	4	2	4	57
0.052625	1	2	4	57
0.052625	7	1	4	36
0.05275	1	1	4	245
0.05275	4	1	4	245
0.05275	1	2	4	57
0.05275	4	2	4	114
0.05275	7	1	4	216
0.0528125	1	2	4	57
0.0528125	4	2	4	57
0.0528125	7	1	4	57
0.0529375	1	2	4	57
0.0529375	4	2	4	36
0.0529375	7	1	4	57
0.053	1	1	4	164
0.053	4	1	4	164
0.053	4	2	4	23
0.0530625	1	2	4	57
0.0530625	7	1	4	57
0.053125	1	2	4	57
0.0531875	7	1	4	36
0.05325	1	1	4	245
0.05325	4	1	4	245
0.05325	1	2	4	57
0.05325	4	2	4	170
0.0533125	1	2	4	57
0.0533125	4	2	4	57
0.0533125	7	1	4	36
0.053375	7	1	4	103
0.0534375	1	2	4	57
0.0535	1	1	4	164
0.0535	4	1	4	164
0.0535	4	2	4	57
0.0535	7	1	4	57
0.0535625	1	2	4	57
0.0535625	7	1	4	57
0.053625	1	2	4	57
0.053625	7	1	4	57
0.0536875	4	2	4	36
0.05375	4	1	4	245
0.05375	1	2	4	57
0.05375	4	2	4	36
0.0538125	1	2	4	57
0.0538125	4	2	4	159
0.0538125	7	1	4	114
0.0539375	1	2	4	57
0.054	4	1	4	164
0.054	4	2	4	57
0.054	7	1	4	36
0.0540625	1	2	4	57
0.0540625	4	2	4	57
0.0540625	7	1	4	36
0.054125	1	2	4	57
0.054125	7	1	4	103
0.0541875	4	2	4	57
0.05425	4	1	4	245
0.05425	1	2	4	57
0.05425	4	2	4	57
0.0543125	1	2	4	57
0.0543125	4	2	4	57
0.0543125	7	1	4	114
0.0544375	1	2	4	57
0.0544375	4	2	4	36
0.0544375	7	1	4	57
0.0545	4	1	4	164
0.0545	4	2	4	23
0.0545625	1	2	4	57
0.0545625	7	1	4	57
0.054625	1	2	4	57
0.054625	7	1	4	57
0.0546875	4	2	4	36
0.05475	4	1	4	245
0.05475	1	2	4	57
0.05475	4	2	4	136
0.0548125	1	2	4	57
0.0548125	4	2	4	57
0.0548125	7	1	4	36
0.0549375	1	2	4	57
0.0549375	4	2	4	57
0.055	1	1	4	1223
0.055	4	1	4	164
0.055	7	1	4	36
0.0550625	1	2	4	57
0.0550625	7	1	4	36
0.055125	1	2	4	57
0.055125	7	1	4	182
0.0551875	4	2	4	36
0.05525	1	1	4	245
0.05525	4	1	4	245
0.05525	1	2	4	57
0.05525	7	1	4	57
0.0553125	1	2	4	57
0.0553125	4	2	4	36
0.0553125	7	1	4	57
0.055375	4	2	4	36
0.0554375	1	2	4	57
0.0554375	4	2	4	182
0.0555	1	1	4	164
0.0555	4	1	4	164
0.0555	7	1	4	57
0.0555625	1	2	4	57
0.0555625	4	2	4	57
0.055625	1	2	4	57
0.055625	4	2	4	57
0.0556875	7	1	4	36
0.05575	1	1	4	245
0.05575	4	1	4	245
0.05575	1	2	4	57
0.05575	7	1	4	36
0.0558125	1	2	4	57
0.0558125	4	2	4	114
0.0558125	7	1	4	159
0.0559375	1	2	4	57
0.0559375	7	1	4	57
0.056	1	1	4	164
0.056	4	1	4	164
0.056	4	2	4	36
0.0560625	1	2	4	57
0.0560625	4	2	4	36
0.0560625	7	1	4	57
0.056125	1	2	4	57
0.056125	4	2	4	103
0.0561875	7	1	4	57
0.05625	1	1	4	245
0.05625	4	1	4	245
0.05625	1	2	4	57
0.0563125	1	2	4	57
0.0563125	4	2	4	114
0.0563125	7	1	4	36
0.0564375	1	2	4	57
0.0564375	7	1	4	36
0.0565	4	1	4	164
0.0565	4	2	4	36
0.0565	7	1	4	103
0.0565625	1	2	4	57
0.0565625	4	2	4	36
0.056625	1	2	4	57
0.056625	7	1	4	114
0.0566875	4	2	4	36
0.05675	4	1	4	245
0.05675	1	2	4	57
0.05675	4	2	4	36
0.05675	7	1	4	57
0.0568125	1	2	4	57
0.0568125	4	2	4	148
0.056875	7	1	4	57
0.0569375	1	2	4	57
0.0569375	4	2	4	57
0.0569375	7	1	4	57
0.057	4	1	4	164
0.0570625	1	2	4	57
0.0570625	4	2	4	57
0.057125	1	2	4	57
0.057125	7	1	4	36
0.0571875	4	2	4	57
0.0571875	7	1	4	80
0.05725	4	1	4	245
0.05725	1	2	4	57
0.0573125	1	2	4	57
0.0573125	4	2	4	36
0.0573125	7	1	4	36
0.0574375	1	2	4	57
0.0574375	4	2	4	36
0.0574375	7	1	4	136
0.0575	4	1	4	164
0.0575	4	2	4	103
0.0575625	1	2	4	57
0.0575625	4	2	4	57
0.057625	1	2	4	57
0.057625	4	2	4	57
0.057625	7	1	4	114
0.05775	1	1	4	1223
0.05775	4	1	4	245
0.05775	1	2	4	57
0.05775	4	2	4	57
0.0578125	1	2	4	57
0.0578125	4	2	4	57
0.0578125	7	1	4	114
0.0579375	1	2	4	57
0.0579375	7	1	4	57
0.058	1	1	4	164
0.058	4	1	4	164
0.058	4	2	4	36
0.0580625	1	2	4	57
0.0580625	7	1	4	57
0.058125	1	2	4	57
0.058125	7	1	4	57
0.05825	1	1	4	245
0.05825	4	1	4	245
0.05825	1	2	4	57
0.05825	4	2	4	193
0.0583125	1	2	4	57
0.0583125	4	2	4	57
0.0583125	7	1	4	36
0.0584375	1	2	4	57
0.0585	1	1	4	164
0.0585	4	1	4	164
0.0585	4	2	4	57
0.0585	7	1	4	36
0.0585625	1	2	4	57
0.0585625	7	1	4	36
0.058625	1	2	4	57
0.058625	7	1	4	182
0.0586875	4	2	4	36
0.05875	1	1	4	245
0.05875	4	1	4	245
0.05875	1	2	4	57
0.05875	4	2	4	36
0.0588125	1	2	4	57
0.0588125	4	2	4	159
0.0588125	7	1	4	114
0.0589375	1	2	4	57
0.059	1	1	4	164
0.059	4	1	4	164
0.059	4	2	4	57
0.059	7	1	4	57
0.0590625	1	2	4	57
0.0590625	4	2	4	57
0.0590625	7	1	4	57
0.059125	1	2	4	57
0.059125	7	1	4	57
0.0591875	4	2	4	57
0.05925	4	1	4	245
0.05925	1	2	4	57
0.05925	4	2	4	57
0.05925	7	1	4	57
0.0593125	1	2	4	57
0.0593125	4	2	4	57
0.0594375	1	2	4	57
0.0594375	4	2	4	36
0.0595	4	1	4	164
0.0595	4	2	4	23
0.0595	7	1	4	36
0.0595625	1	2	4	57
0.059625	1	2	4	57
0.059625	7	1	4	36
0.05975	4	1	4	245
0.05975	1	2	4	57
0.05975	4	2	4	170
0.05975	7	1	4	216
0.0598125	1	2	4	57
0.0598125	4	2	4	57
0.0598125	7	1	4	57
0.0599375	1	2	4	57
0.0599375	7	1	4	57
0.06	4	1	4	164
0.06	4	2	4	57
0.0600625	1	2	4	57
0.0600625	7	1	4	57
0.060125	1	2	4	57
0.0601875	4	2	4	36
0.0601875	7	1	4	32
0.06025	4	1	4	245
0.06025	1	2	4	57
0.06025	4	2	4	36
0.06025	7	1	4	84
0.0603125	1	2	4	57
0.0603125	4	2	4	159
0.0603125	7	1	4	57
0.0604375	1	2	4	57
0.0604375	4	2	4	57
0.0605	1	1	4	1223
0.0605	4	1	4	164
0.0605	7	1	4	57
0.0605625	1	2	4	57
0.0605625	4	2	4	57
0.060625	1	2	4	57
0.060625	4	2	4	57
0.0606875	7	1	4	36
0.06075	1	1	4	245
0.06075	4	1	4	245
0.06075	1	2	4	57
0.06075	7	1	4	36
0.0608125	1	2	4	57
0.0608125	4	2	4	36
0.0608125	7	1	4	159
0.0609375	1	2	4	57
0.0609375	7	1	4	57
0.061	1	1	4	164
0.061	4	1	4	164
0.061	4	2	4	36
0.0610625	1	2	4	57
0.0610625	4	2	4	36
0.0610625	7	1	4	57
0.061125	1	2	4	57
0.061125	4	2	4	182
0.0611875	7	1	4	57
0.06125	1	1	4	245
0.06125	4	1	4	245
0.06125	1	2	4	57
0.0613125	1	2	4	57
0.0613125	4	2	4	114
0.0613125	7	1	4	36
0.0614375	1	2	4	57
0.0614375	7	1	4	36
0.0615	1	1	4	164
0.0615	4	1	4	164
0.0615	4	2	4	57
0.0615	7	1	4	103
0.0615625	1	2	4	57
0.0615625	4	2	4	57
0.061625	1	2	4	57
0.061625	7	1	4	114
0.0616875	4	2	4	36
0.06175	1	1	4	245
0.06175	4	1	4	245
0.06175	1	2	4	57
0.06175	4	2	4	36
0.06175	7	1	4	57
0.0618125	1	2	4	57
0.0618125	4	2	4	103
0.061875	7	1	4	57
0.0619375	1	2	4	57
0.0619375	7	1	4	57
0.062	4	1	4	164
0.062	4	2	4	57
0.0620625	1	2	4	57
0.0620625	4	2	4	57
0.062125	1	2	4	57
0.062125	7	1	4	36
0.0621875	7	1	4	80
0.06225	4	1	4	245
0.06225	1	2	4	57
0.06225	4	2	4	114
0.0623125	1	2	4	57
0.0623125	4	2	4	57
0.0623125	7	1	4	36
0.062375	7	1	4	36
0.0624375	1	2	4	57
0.0624375	4	2	4	36
0.0624375	7	1	4	103
0.0625	4	1	4	164
0.0625	4	2	4	23
0.0625625	1	2	4	57
0.0625625	7	1	4	57
0.062625	1	2	4	57
0.062625	7	1	4	57
0.0626875	4	2	4	36
0.06275	4	1	4	245
0.06275	1	2	4	57
0.06275	4	2	4	136
0.0628125	1	2	4	57
0.0628125	4	2	4	57
0.0628125	7	1	4	36
0.0629375	1	2	4	57
0.063	4	1	4	164
0.063	4	2	4	57
0.063	7	1	4	36
0.0630625	1	2	4	57
0.063125	1	2	4	57
0.063125	7	1	4	216
0.0631875	4	2	4	32
0.06325	1	1	4	1223
0.06325	4	1	4	245
0.06325	1	2	4	57
0.06325	4	2	4	36
0.0633125	1	2	4	57
0.0633125	4	2	4	163
0.0633125	7	1	4	114
0.0634375	1	2	4	57
0.0635	1	1	4	164
0.0635	4	1	4	164
0.0635	4	2	4	57
0.0635	7	1	4	57
0.0635625	1	2	4	57
0.0635625	4	2	4	57
0.0635625	7	1	4	57
0.063625	1	2	4	57
0.063625	7	1	4	57
0.0636875	4	2	4	57
0.06375	1	1	4	245
0.06375	4	1	4	245
0.06375	1	2	4	57
0.06375	4	2	4	57
0.06375	7	1	4	57
0.0638125	1	2	4	57
0.0638125	4	2	4	57
0.0639375	1	2	4	57
0.0639375	4	2	4	36
0.064	1	1	4	164
0.064	4	1	4	164
0.064	4	2	4	23
0.064	7	1	4	36
0.0640625	1	2	4	57
0.064125	1	2	4	57
0.064125	7	1	4	36
0.06425	1	1	4	245
0.06425	4	1	4	245
0.06425	1	2	4	57
0.06425	4	2	4	170
0.06425	7	1	4	216
0.0643125	1	2	4	57
0.0643125	4	2	4	57
0.0643125	7	1	4	57
0.0644375	1	2	4	57
0.0644375	7	1	4	57
0.0645	1	1	4	164
0.0645	4	1	4	164
0.0645	4	2	4	57
0.0645625	1	2	4	57
0.0645625	7	1	4	57
0.064625	1	2	4	57
0.0646875	4	2	4	36
0.0646875	7	1	4	36
0.06475	4	1	4	245
0.06475	1	2	4	57
0.06475	4	2	4	36
0.06475	7	1	4	80
0.0648125	1	2	4	57
0.0648125	4	2	4	159
0.0648125	7	1	4	57
0.0649375	1	2	4	57
0.0649375	4	2	4	57
0.065	4	1	4	164
0.065	7	1	4	57
0.0650625	1	2	4	57
0.0650625	4	2	4	57
0.065125	1	2	4	57
0.065125	4	2	4	57
0.0651875	7	1	4	32
0.06525	4	1	4	245
0.06525	1	2	4	57
0.06525	7	1	4	36
0.0653125	1	2	4	57
0.0653125	4	2	4	36
0.0653125	7	1	4	163
0.0654375	1	2	4	57
0.0655	4	1	4	164
0.0655	4	2	4	36
0.0655	7	1	4	57
0.0655625	1	2	4	57
0.0655625	7	1	4	57
0.065625	1	2	4	57
0.065625	4	2	4	216
0.0656875	7	1	4	57
0.06575	4	1	4	245
0.06575	1	2	4	57
0.06575	7	1	4	57
0.0658125	1	2	4	57
0.0658125	4	2	4	114
0.0659375	1	2	4	57
0.0659375	7	1	4	36
0.066	1	1	4	1223
0.066	4	1	4	164
0.066	4	2	4	57
0.066	7	1	4	80
0.0660625	1	2	4	57
0.0660625	4	2	4	57
0.0660625	7	1	4	57
0.066125	1	2	4	57
0.066125	7	1	4	57
0.0661875	4	2	4	36
0.06625	1	1	4	245
0.06625	4	1	4	245
0.06625	1	2	4	57
0.06625	4	2	4	36
0.06625	7	1	4	57
0.0663125	1	2	4	57
0.0663125	4	2	4	103
0.0664375	1	2	4	57
0.0665	1	1	4	164
0.0665	4	1	4	164
0.0665	4	2	4	57
0.0665	7	1	4	36
0.0665625	1	2	4	57
0.0665625	4	2	4	57
0.066625	1	2	4	57
0.066625	7	1	4	36
0.06675	1	1	4	245
0.06675	4	1	4	245
0.06675	1	2	4	57
0.06675	4	2	4	114
0.0668125	1	2	4	57
0.0668125	4	2	4	57
0.0668125	7	1	4	272
0.0669375	1	2	4	57
0.0669375	7	1	4	57
0.067	1	1	4	164
0.067	4	1	4	164
0.067	4	2	4	57
0.0670625	1	2	4	57
0.0670625	7	1	4	57
0.067125	1	2	4	57
0.067125	7	1	4	57
0.06725	1	1	4	245
0.06725	4	1	4	245
0.06725	1	2	4	57
0.06725	4	2	4	170
0.0673125	1	2	4	57
0.0673125	4	2	4	57
0.0673125	7	1	4	36
0.067375	7	1	4	80
0.0674375	1	2	4	57
0.0675	4	1	4	164
0.0675	4	2	4	57
0.0675	7	1	4	36
0.0675625	1	2	4	57
0.0675625	7	1	4	36
0.067625	1	2	4	57
0.067625	7	1	4	103
0.0676875	4	2	4	36
0.06775	4	1	4	245
0.06775	1	2	4	57
0.06775	4	2	4	36
0.0678125	1	2	4	57
0.0678125	4	2	4	159
0.0678125	7	1	4	114
0.0679375	1	2	4	57
0.0679375	4	2	4	57
0.068	4	1	4	164
0.068	7	1	4	36
0.0680625	1	2	4	57
0.0680625	4	2	4	57
0.0680625	7	1	4	36
0.068125	1	2	4	57
0.068125	7	1	4	103
0.0681875	4	2	4	57
0.06825	4	1	4	245
0.06825	1	2	4	57
0.06825	7	1	4	57
0.0683125	1	2	4	57
0.0683125	4	2	4	36
0.0683125	7	1	4	57
0.068375	4	2	4	36
0.0684375	1	2	4	57
0.0684375	7	1	4	57
0.0685	4	1	4	164
0.0685	4	2	4	103
0.0685625	1	2	4	57
0.0685625	4	2	4	57
0.068625	1	2	4	57
0.068625	4	2	4	57
0.0686875	7	1	4	36
0.06875	1	1	4	1223
0.06875	4	1	4	245
0.06875	1	2	4	57
0.0688125	1	2	4	57
0.0688125	4	2	4	114
0.0688125	7	1	4	36
0.068875	7	1	4	36
0.0689375	1	2	4	57
0.0689375	7	1	4	182
0.069	1	1	4	164
0.069	4	1	4	164
0.069	4	2	4	36
0.0690625	1	2	4	57
0.0690625	4	2	4	36
0.069125	1	2	4	57
0.069125	7	1	4	114
0.06925	1	1	4	245
0.06925	4	1	4	245
0.06925	1	2	4	57
0.0693125	1	2	4	57
0.0693125	4	2	4	216
0.0693125	7	1	4	114
0.0694375	1	2	4	57
0.0694375	7	1	4	57
0.0695	1	1	4	164
0.0695	4	1	4	164
0.0695	4	2	4	57
0.0695625	1	2	4	57
0.0695625	4	2	4	57
0.0695625	7	1	4	57
0.069625	1	2	4	57
0.0696875	4	2	4	57
0.0696875	7	1	4	57
0.06975	1	1	4	245
0.06975	4	1	4	245
0.06975	1	2	4	57
0.06975	4	2	4	57
0.0698125	1	2	4	57
0.0698125	4	2	4	57
0.0698125	7	1	4	36
0.0699375	1	2	4	57
0.0699375	4	2	4	36
0.0699375	7	1	4	36
0.07	1	1	4	164
0.07	4	1	4	164
0.07	4	2	4	23
0.07	7	1	4	103
0.0700625	1	2	4	57
0.0700625	7	1	4	57
0.070125	1	2	4	57
0.070125	7	1	4	57
0.07025	4	1	4	245
0.07025	1	2	4	57
0.07025	4	2	4	170
0.07025	7	1	4	57
0.0703125	1	2	4	57
0.0703125	4	2	4	57
0.0703125	7	1	4	57
0.0704375	1	2	4	57
0.0705	4	1	4	164
0.0705	4	2	4	57
0.0705625	1	2	4	57
0.070625	1	2	4	57
0.070625	7	1	4	170
0.0706875	4	2	4	36
0.07075	4	1	4	245
0.07075	1	2	4	57
0.07075	4	2	4	36
0.0708125	1	2	4	57
0.0708125	4	2	4	159
0.0708125	7	1	4	114
0.0709375	1	2	4	57
0.0709375	7	1	4	57
0.071	4	1	4	164
0.071	4	2	4	57
0.0710625	1	2	4	57
0.0710625	4	2	4	57
0.0710625	7	1	4	57
0.071125	1	2	4	57
0.071125	7	1	4	57
0.0711875	4	2	4	57
0.07125	4	1	4	245
0.07125	1	2	4	57
0.07125	4	2	4	57
0.07125	7	1	4	57
0.0713125	1	2	4	57
0.0713125	4	2	4	57
0.0713125	7	1	4	57
0.0714375	1	2	4	57
0.0714375	4	2	4	36
0.0715	1	1	4	1223
0.0715	4	1	4	164
0.0715	4	2	4	23
0.0715	7	1	4	36
0.0715625	1	2	4	57
0.071625	1	2	4	57
0.07175	1	1	4	245
0.07175	4	1	4	245
0.07175	1	2	4	57
0.07175	4	2	4	170
0.07175	7	1	4	193
0.0718125	1	2	4	57
0.0718125	4	2	4	57
0.0718125	7	1	4	57
0.0719375	1	2	4	57
0.072	1	1	4	164
0.072	4	1	4	164
0.072	4	2	4	57
0.0720625	1	2	4	57
0.0720625	7	1	4	114
0.072125	1	2	4	57
0.0721875	4	2	4	36
0.0721875	7	1	4	36
0.07225	1	1	4	245
0.07225	4	1	4	245
0.07225	1	2	4	57
0.07225	4	2	4	36
0.0723125	1	2	4	57
0.0723125	4	2	4	159
0.0723125	7	1	4	136
0.0724375	1	2	4	57
0.0724375	4	2	4	57
0.0725	1	1	4	164
0.0725	4	1	4	164
0.0725	7	1	4	57
0.0725625	1	2	4	57
0.0725625	4	2	4	57
0.0725625	7	1	4	57
0.072625	1	2	4	57
0.072625	7	1	4	57
0.0726875	4	2	4	57
0.07275	1	1	4	245
0.07275	4	1	4	245
0.07275	1	2	4	57
0.07275	7	1	4	57
0.0728125	1	2	4	57
0.0728125	4	2	4	36
0.0728125	7	1	4	57
0.0729375	1	2	4	57
0.0729375	4	2	4	36
0.073	1	1	4	164
0.073	4	1	4	164
0.073	4	2	4	103
0.073	7	1	4	36
0.0730625	1	2	4	57
0.0730625	4	2	4	57
0.073125	1	2	4	57
0.073125	4	2	4	57
0.0731875	7	1	4	36
0.07325	4	1	4	245
0.07325	1	2	4	57
0.07325	4	2	4	57
0.07325	7	1	4	36
0.0733125	1	2	4	57
0.0733125	4	2	4	57
0.0733125	7	1	4	182
0.0734375	1	2	4	57
0.0734375	7	1	4	57
0.0735	4	1	4	164
0.0735625	1	2	4	57
0.0735625	7	1	4	57
0.073625	1	2	4	57
0.073625	7	1	4	57
0.0736875	4	2	4	36
0.07375	4	1	4	245
0.07375	1	2	4	57
0.07375	4	2	4	36
0.0738125	1	2	4	57
0.0738125	7	1	4	36
0.0739375	1	2	4	57
0.0739375	4	2	4	272
0.074	4	1	4	164
0.074	7	1	4	36
0.0740625	1	2	4	57
0.0740625	4	2	4	57
0.074125	1	2	4	57
0.074125	4	2	4	57
0.074125	7	1	4	216
0.07425	4	1	4	245
0.07425	1	2	4	57
0.07425	7	1	4	57
0.0743125	1	2	4	57
0.0743125	4	2	4	114
0.0743125	7	1	4	57
0.0744375	1	2	4	57
0.0744375	7	1	4	57
0.0745	4	1	4	164
0.0745	4	2	4	36
0.0745625	1	2	4	57
0.0745625	4	2	4	36
0.0745625	7	1	4	57
0.074625	1	2	4	57
0.074625	4	2	4	103
0.0746875	7	1	4	36
0.07475	1	1	4	1468
0.07475	4	1	4	245
0.07475	1	2	4	57
0.07475	4	2	4	57
0.0748125	1	2	4	57
0.0748125	4	2	4	57
0.0748125	7	1	4	36
0.0749375	1	2	4	57
0.075	1	1	4	164
0.075	4	1	4	164
0.075	4	2	4	32
0.075	7	1	4	159
0.0750625	1	2	4	57
0.0750625	7	1	4	57
0.075125	1	2	4	57
0.075125	7	1	4	57
0.0751875	4	2	4	36
0.07525	1	1	4	245
0.07525	4	1	4	245
0.07525	1	2	4	57
0.07525	7	1	4	57
0.0753125	1	2	4	57
0.0753125	4	2	4	220
0.075375	7	1	4	57
0.0754375	1	2	4	57
0.0755	1	1	4	164
0.0755	4	1	4	164
0.0755	4	2	4	57
0.0755625	1	2	4	57
0.0755625	4	2	4	57
0.075625	1	2	4	57
0.075625	7	1	4	36
0.0756875	4	2	4	57
0.0756875	7	1	4	136
0.07575	1	1	4	245
0.07575	4	1	4	245
0.07575	1	2	4	57
0.07575	4	2	4	57
0.0758125	1	2	4	57
0.0758125	4	2	4	57
0.0758125	7	1	4	114
0.0759375	1	2	4	57
0.0759375	4	2	4	36
0.0759375	7	1	4	57
0.076	1	1	4	164
0.076	4	1	4	164
0.076	4	2	4	23
0.0760625	1	2	4	57
0.0760625	7	1	4	57
0.076125	1	2	4	57
0.076125	7	1	4	57
0.0761875	4	2	4	36
0.07625	4	1	4	245
0.07625	1	2	4	57
0.07625	4	2	4	136
0.0763125	1	2	4	57
0.0763125	4	2	4	57
0.0763125	7	1	4	36
0.0764375	1	2	4	57
0.0765	4	1	4	164
0.0765	4	2	4	57
0.0765	7	1	4	36
0.0765625	1	2	4	57
0.0765625	4	2	4	57
0.076625	1	2	4	57
0.076625	7	1	4	216
0.0766875	4	2	4	36
0.07675	4	1	4	245
0.07675	1	2	4	57
0.07675	4	2	4	36
0.0768125	1	2	4	57
0.0768125	4	2	4	103
0.0768125	7	1	4	114
0.0769375	1	2	4	57
0.077	4	1	4	164
0.077	4	2	4	57
0.077	7	1	4	57
0.0770625	1	2	4	57
0.0770625	4	2	4	57
0.0770625	7	1	4	57
0.077125	1	2	4	57
0.077125	7	1	4	57
0.07725	4	1	4	245
0.07725	1	2	4	57
0.07725	4	2	4	114
0.07725	7	1	4	57
0.0773125	1	2	4	57
0.0773125	4	2	4	57
0.0774375	1	2	4	57
0.0774375	4	2	4	36
0.0775	1	1	4	1223
0.0775	4	1	4	164
0.0775	4	2	4	23
0.0775	7	1	4	36
0.0775625	1	2	4	57
0.077625	1	2	4	57
0.077625	7	1	4	36
0.0776875	4	2	4	36
0.07775	1	1	4	245
0.07775	4	1	4	245
0.07775	1	2	4	57
0.07775	4	2	4	136
0.07775	7	1	4	216
0.0778125	1	2	4	57
0.0778125	4	2	4	57
0.0778125	7	1	4	57
0.0779375	1	2	4	57
0.0779375	7	1	4	57
0.078	1	1	4	164
0.078	4	1	4	164
0.078	4	2	4	57
0.0780625	1	2	4	57
0.0780625	7	1	4	57
0.078125	1	2	4	57
0.0781875	4	2	4	32
0.07825	1	1	4	245
0.07825	4	1	4	245
0.07825	1	2	4	57
0.07825	4	2	4	140
0.07825	7	1	4	114
0.0783125	1	2	4	57
0.0783125	4	2	4	57
0.0783125	7	1	4	57
0.0784375	1	2	4	57
0.0784375	4	2	4	57
0.0785	1	1	4	164
0.0785	4	1	4	164
0.0785	7	1	4	57
0.0785625	1	2	4	57
0.0785625	7	1	4	57
0.078625	1	2	4	57
0.0786875	4	2	4	36
0.0786875	7	1	4	36
0.07875	1	1	4	245
0.07875	4	1	4	245
0.07875	1	2	4	57
0.07875	7	1	4	80
0.0788125	1	2	4	57
0.0788125	4	2	4	36
0.0788125	7	1	4	57
0.078875	4	2	4	36
0.0789375	1	2	4	57
0.0789375	4	2	4	182
0.079	4	1	4	164
0.079	7	1	4	57
0.0790625	1	2	4	57
0.079125	1	2	4	57
0.079125	4	2	4	114
0.07925	4	1	4	245
0.07925	1	2	4	57
0.07925	7	1	4	170
0.0793125	1	2	4	57
0.0793125	4	2	4	114
0.0793125	7	1	4	57
0.0794375	1	2	4	57
0.0794375	7	1	4	57
0.0795	4	1	4	164
0.0795	4	2	4	36
0.0795625	1	2	4	57
0.0795625	4	2	4	36
0.0795625	7	1	4	57
0.079625	1	2	4	57
0.079625	4	2	4	103
0.0796875	7	1	4	36
0.07975	4	1	4	245
0.07975	1	2	4	57
0.07975	7	1	4	80
0.0798125	1	2	4	57
0.0798125	4	2	4	114
0.0798125	7	1	4	57
0.0799375	1	2	4	57
0.08	4	1	4	164
0.08	4	2	4	32
0.08	7	1	4	57
0.0800625	1	2	4	57
0.0800625	4	2	4	36
0.080125	1	2	4	57
0.0801875	4	2	4	36
0.0801875	7	1	4	32
0.08025	1	1	4	1223
0.08025	4	1	4	245
0.08025	1	2	4	57
0.08025	7	1	4	140
0.0803125	1	2	4	57
0.0803125	4	2	4	186
0.080375	7	1	4	57
0.0804375	1	2	4	57
0.0805	1	1	4	164
0.0805	4	1	4	164
0.0805	4	2	4	57
0.0805625	1	2	4	57
0.0805625	4	2	4	57
0.080625	1	2	4	57
0.080625	7	1	4	170
0.0806875	4	2	4	57
0.08075	1	1	4	245
0.08075	4	1	4	245
0.08075	1	2	4	57
0.08075	4	2	4	57
0.08075	7	1	4	57
0.0808125	1	2	4	57
0.0808125	4	2	4	57
0.0808125	7	1	4	57
0.0809375	1	2	4	57
0.0809375	4	2	4	36
0.0809375	7	1	4	57
0.081	1	1	4	164
0.081	4	1	4	164
0.081	4	2	4	23
0.0810625	1	2	4	57
0.081125	1	2	4	57
0.081125	7	1	4	36
0.0811875	7	1	4	80
0.08125	1	1	4	245
0.08125	4	1	4	245
0.08125	1	2	4	57
0.08125	4	2	4	170
0.0813125	1	2	4	57
0.0813125	4	2	4	57
0.0813125	7	1	4	36
0.0814375	1	2	4	57
0.0814375	4	2	4	57
0.0814375	7	1	4	136
0.0815	1	1	4	164
0.0815	4	1	4	164
0.0815625	1	2	4	57
0.0815625	4	2	4	57
0.0815625	7	1	4	57
0.081625	1	2	4	57
0.081625	7	1	4	57
0.0816875	4	2	4	36
0.08175	4	1	4	245
0.08175	1	2	4	57
0.08175	7	1	4	57
0.0818125	1	2	4	57
0.0818125	4	2	4	36
0.0818125	7	1	4	57
0.0819375	1	2	4	57
0.082	4	1	4	164
0.082	4	2	4	159
0.082	7	1	4	36
0.0820625	1	2	4	57
0.082125	1	2	4	57
0.082125	4	2	4	114
0.08225	4	1	4	245
0.08225	1	2	4	57
0.08225	4	2	4	57
0.0823125	1	2	4	57
0.0823125	4	2	4	57
0.0823125	7	1	4	249
0.0824375	1	2	4	57
0.0825	4	1	4	164
0.0825	4	2	4	36
0.0825	7	1	4	57
0.0825625	1	2	4	57
0.0825625	7	1	4	57
0.082625	1	2	4	57
0.082625	7	1	4	57
0.0826875	4	2	4	36
0.08275	4	1	4	245
0.08275	1	2	4	57
0.08275	7	1	4	57
0.0828125	1	2	4	57
0.0828125	4	2	4	216
0.082875	7	1	4	57
0.0829375	1	2	4	57
0.0829375	4	2	4	57
0.083	1	1	4	1223
0.083	4	1	4	164
0.083	7	1	4	36
0.0830625	1	2	4	57
0.0830625	4	2	4	57
0.083125	1	2	4	57
0.083125	7	1	4	36
0.0831875	4	2	4	57
0.0831875	7	1	4	103
0.08325	1	1	4	245
0.08325	4	1	4	245
0.08325	1	2	4	57
0.08325	7	1	4	57
0.0833125	1	2	4	57
0.0833125	4	2	4	36
0.0833125	7	1	4	57
0.083375	4	2	4	36
0.0834375	1	2	4	57
0.0834375	7	1	4	57
0.0835	1	1	4	164
0.0835	4	1	4	164
0.0835	4	2	4	103
0.0835625	1	2	4	57
0.083625	1	2	4	57
0.083625	4	2	4	114
0.0836875	7	1	4	36
0.08375	1	1	4	245
0.08375	4	1	4	245
0.08375	1	2	4	57
0.08375	4	2	4	57
0.0838125	1	2	4	57
0.0838125	7	1	4	36
0.083875	4	2	4	57
0.0839375	1	2	4	57
0.0839375	7	1	4	216
0.084	1	1	4	164
0.084	4	1	4	164
0.084	4	2	4	36
0.0840625	1	2	4	57
0.0840625	7	1	4	57
0.084125	1	2	4	57
0.084125	4	2	4	36
0.084125	7	1	4	57
0.0841875	4	2	4	103
0.08425	1	1	4	245
0.08425	4	1	4	245
0.08425	1	2	4	57
0.08425	4	2	4	57
0.08425	7	1	4	57
0.0843125	1	2	4	57
0.0843125	4	2	4	57
0.0843125	7	1	4	57
0.0844375	1	2	4	57
0.0844375	4	2	4	57
0.0845	4	1	4	164
0.0845	7	1	4	36
0.0845625	1	2	4	57
0.084625	1	2	4	57
0.0846875	4	2	4	36
0.0846875	7	1	4	36
0.08475	4	1	4	245
0.08475	1	2	4	57
0.08475	7	1	4	159
0.0848125	1	2	4	57
0.0848125	4	2	4	36
0.0848125	7	1	4	57
0.084875	4	2	4	36
0.0849375	1	2	4	57
0.085	4	1	4	164
0.085	4	2	4	182
0.085	7	1	4	57
0.0850625	1	2	4	57
0.085125	1	2	4	57
0.085125	4	2	4	114
0.0851875	7	1	4	32
0.08525	4	1	4	245
0.08525	1	2	4	57
0.08525	4	2	4	57
0.0853125	1	2	4	57
0.0853125	4	2	4	57
0.0853125	7	1	4	197
0.0854375	1	2	4	57
0.0854375	7	1	4	57
0.0855	4	1	4	164
0.0855	4	2	4	36
0.0855625	1	2	4	57
0.0855625	7	1	4	57
0.085625	1	2	4	57
0.085625	7	1	4	57
0.0856875	4	2	4	36
0.08575	1	1	4	1223
0.08575	4	1	4	245
0.08575	1	2	4	57
0.08575	7	1	4	57
0.0858125	1	2	4	57
0.0858125	4	2	4	216
0.0858125	7	1	4	57
0.0859375	1	2	4	57
0.0859375	4	2	4	57
0.086	1	1	4	164
0.086	4	1	4	164
0.086	7	1	4	36
0.0860625	1	2	4	57
0.0860625	4	2	4	57
0.086125	1	2	4	57
0.086125	4	2	4	57
0.08625	1	1	4	245
0.08625	4	1	4	245
0.08625	1	2	4	57
0.08625	7	1	4	193
0.0863125	1	2	4	57
0.0863125	4	2	4	36
0.0863125	7	1	4	57
0.0864375	1	2	4	57
0.0864375	7	1	4	57
0.0865	1	1	4	164
0.0865	4	1	4	164
0.0865	4	2	4	36
0.0865625	1	2	4	57
0.086625	1	2	4	57
0.086625	4	2	4	216
0.0866875	7	1	4	36
0.08675	1	1	4	245
0.08675	4	1	4	245
0.08675	1	2	4	57
0.08675	4	2	4	57
0.0868125	1	2	4	57
0.0868125	4	2	4	57
0.0868125	7	1	4	36
0.086875	7	1	4	36
0.0869375	1	2	4	57
0.0869375	4	2	4	57
0.087	1	1	4	164
0.087	4	1	4	164
0.087	7	1	4	182
0.0870625	1	2	4	57
0.087125	1	2	4	57
0.087125	7	1	4	114
0.0871875	4	2	4	36
0.08725	4	1	4	245
0.08725	1	2	4	57
0.08725	7	1	4	57
0.0873125	1	2	4	57
0.0873125	4	2	4	36
0.0873125	7	1	4	57
0.0874375	1	2	4	57
0.0874375	4	2	4	216
0.0875	4	1	4	164
0.0875	7	1	4	36
0.0875625	1	2	4	57
0.087625	1	2	4	57
0.087625	4	2	4	114
0.0876875	7	1	4	36
0.08775	4	1	4	245
0.08775	1	2	4	57
0.08775	7	1	4	36
0.0878125	1	2	4	57
0.0878125	4	2	4	114
0.0878125	7	1	4	182
0.0879375	1	2	4	57
0.0879375	7	1	4	57
0.088	4	1	4	164
0.088	4	2	4	36
0.0880625	1	2	4	57
0.0880625	4	2	4	36
0.0880625	7	1	4	57
0.088125	1	2	4	57
0.088125	4	2	4	103
0.0881875	7	1	4	57
0.08825	4	1	4	245
0.08825	1	2	4	57
0.08825	4	2	4	57
0.08825	7	1	4	57
0.0883125	1	2	4	57
0.0883125	4	2	4	57
0.0883125	7	1	4	57
0.0884375	1	2	4	57
0.0884375	7	1	4	36
0.0885	1	1	4	1223
0.0885	4	1	4	164
0.0885	4	2	4	36
0.0885	7	1	4	23
0.0885625	1	2	4	57
0.088625	1	2	4	57
0.0886875	4	2	4	36
0.0886875	7	1	4	36
0.08875	1	1	4	245
0.08875	4	1	4	245
0.08875	1	2	4	57
0.08875	7	1	4	136
0.0888125	1	2	4	57
0.0888125	4	2	4	216
0.0889375	1	2	4	57
0.089	1	1	4	164
0.089	4	1	4	164
0.089	4	2	4	57
0.089	7	1	4	114
0.0890625	1	2	4	57
0.0890625	4	2	4	57
0.089125	1	2	4	57
0.089125	7	1	4	114
0.0891875	4	2	4	57
0.08925	1	1	4	245
0.08925	4	1	4	245
0.08925	1	2	4	57
0.08925	4	2	4	57
0.0893125	1	2	4	57
0.0893125	4	2	4	57
0.0893125	7	1	4	114
0.0894375	1	2	4	57
0.0894375	4	2	4	36
0.0894375	7	1	4	57
0.0895	1	1	4	164
0.0895	4	1	4	164
0.0895	4	2	4	23
0.0895625	1	2	4	57
0.0895625	7	1	4	57
0.089625	1	2	4	57
0.089625	7	1	4	57
0.08975	1	1	4	245
0.08975	4	1	4	245
0.08975	1	2	4	57
0.08975	4	2	4	170
0.0898125	1	2	4	57
0.0898125	4	2	4	57
0.0898125	7	1	4	36
0.0899375	1	2	4	57
0.0899375	4	2	4	57
0.09	4	1	4	164
0.09	7	1	4	36
0.0900625	1	2	4	57
0.0900625	7	1	4	36
0.090125	1	2	4	57
0.090125	7	1	4	182
0.0901875	4	2	4	36
0.09025	4	1	4	245
0.09025	1	2	4	57
0.09025	7	1	4	57
0.0903125	1	2	4	57
0.0903125	4	2	4	36
0.0903125	7	1	4	57
0.090375	4	2	4	36
0.0904375	1	2	4	57
0.0904375	4	2	4	182
0.0905	4	1	4	164
0.0905	7	1	4	57
0.0905625	1	2	4	57
0.090625	1	2	4	57
0.090625	4	2	4	114
0.0906875	7	1	4	36
0.09075	4	1	4	245
0.09075	1	2	4	57
0.09075	7	1	4	36
0.0908125	1	2	4	57
0.0908125	4	2	4	114
0.0908125	7	1	4	159
0.0909375	1	2	4	57
0.0909375	7	1	4	57
0.091	4	1	4	164
0.091	4	2	4	36
0.0910625	1	2	4	57
0.0910625	4	2	4	36
0.0910625	7	1	4	57
0.091125	1	2	4	57
0.091125	4	2	4	103
0.0911875	7	1	4	57
0.09125	1	1	4	1223
0.09125	4	1	4	245
0.09125	1	2	4	57
0.09125	7	1	4	57
0.0913125	1	2	4	57
0.0913125	4	2	4	114
0.0913125	7	1	4	57
0.0914375	1	2	4	57
0.0914375	7	1	4	36
0.0915	1	1	4	164
0.0915	4	1	4	164
0.0915	4	2	4	36
0.0915	7	1	4	23
0.0915625	1	2	4	57
0.0915625	4	2	4	36
0.091625	1	2	4	57
0.0916875	4	2	4	36
0.09175	1	1	4	245
0.09175	4	1	4	245
0.09175	1	2	4	57
0.09175	7	1	4	170
0.0918125	1	2	4	57
0.0918125	4	2	4	182
0.0919375	1	2	4	57
0.092	1	1	4	164
0.092	4	1	4	164
0.092	4	2	4	57
0.092	7	1	4	114
0.0920625	1	2	4	57
0.0920625	4	2	4	57
0.092125	1	2	4	57
0.092125	7	1	4	114
0.0921875	4	2	4	57
0.09225	1	1	4	245
0.09225	4	1	4	245
0.09225	1	2	4	57
0.09225	4	2	4	57
0.0923125	1	2	4	57
0.0923125	4	2	4	57
0.0923125	7	1	4	114
0.0924375	1	2	4	57
0.0924375	4	2	4	36
0.0924375	7	1	4	57
0.0925	1	1	4	164
0.0925	4	1	4	164
0.0925	4	2	4	23
0.0925625	1	2	4	57
0.0925625	7	1	4	57
0.092625	1	2	4	57
0.092625	7	1	4	57
0.0926875	4	2	4	36
0.09275	4	1	4	245
0.09275	1	2	4	57
0.09275	4	2	4	136
0.0928125	1	2	4	57
0.0928125	4	2	4	57
0.0928125	7	1	4	36
0.0929375	1	2	4	57
0.093	1	1	4	408
0.093	4	1	4	164
0.093	4	2	4	57
0.093	7	1	4	36
0.0930625	1	2	4	57
0.0930625	7	1	4	36
0.093125	1	2	4	57
0.093125	7	1	4	182
0.0931875	4	2	4	32
0.09325	4	1	4	245
0.09325	1	2	4	57
0.09325	4	2	4	36
0.0933125	1	2	4	57
0.0933125	4	2	4	163
0.0933125	7	1	4	114
0.0934375	1	2	4	57
0.0934375	4	2	4	57
0.0935	4	1	4	164
0.0935	7	1	4	57
0.0935625	1	2	4	57
0.0935625	4	2	4	57
0.0935625	7	1	4	57
0.093625	1	2	4	57
0.093625	7	1	4	57
0.0936875	4	2	4	57
0.09375	4	1	4	245
0.09375	1	2	4	57
0.09375	7	1	4	57
0.0938125	1	2	4	57
0.0938125	4	2	4	36
0.0938125	7	1	4	57
0.0939375	1	2	4	57
0.0939375	4	2	4	36
0.094	4	1	4	164
0.094	4	2	4	103
0.094	7	1	4	36
0.0940625	1	2	4	57
0.0940625	4	2	4	57
0.094125	1	2	4	57
0.094125	4	2	4	57
0.09425	4	1	4	245
0.09425	1	2	4	57
0.09425	4	2	4	57
0.09425	7	1	4	193
0.0943125	1	2	4	57
0.0943125	4	2	4	57
0.0943125	7	1	4	57
0.0944375	1	2	4	57
0.0944375	7	1	4	57
0.0945	1	1	4	1223
0.0945	4	1	4	164
0.0945	4	2	4	36
0.0945625	1	2	4	57
0.0945625	7	1	4	57
0.094625	1	2	4	57
0.0946875	7	1	4	36
0.09475	1	1	4	245
0.09475	4	1	4	245
0.09475	1	2	4	57
0.09475	4	2	4	193
0.0948125	1	2	4	57
0.0948125	4	2	4	57
0.0948125	7	1	4	36
0.094875	7	1	4	103
0.0949375	1	2	4	57
0.0949375	4	2	4	57
0.095	1	1	4	164
0.095	4	1	4	164
0.095	7	1	4	57
0.0950625	1	2	4	57
0.0950625	7	1	4	57
0.095125	1	2	4	57
0.095125	7	1	4	57
0.0951875	4	2	4	36
0.09525	1	1	4	245
0.09525	4	1	4	245
0.09525	1	2	4	57
0.09525	7	1	4	57
0.0953125	1	2	4	57
0.0953125	4	2	4	36
0.0953125	7	1	4	57
0.095375	4	2	4	36
0.0954375	1	2	4	57
0.0954375	4	2	4	182
0.0955	1	1	4	164
0.0955	4	1	4	164
0.0955625	1	2	4	57
0.095625	1	2	4	57
0.095625	4	2	4	114
0.0956875	7	1	4	36
0.09575	1	1	4	245
0.09575	4	1	4	245
0.09575	1	2	4	57
0.09575	4	2	4	57
0.09575	7	1	4	36
0.0958125	1	2	4	57
0.0958125	4	2	4	57
0.0959375	1	2	4	57
0.096	4	1	4	164
0.096	4	2	4	36
0.096	7	1	4	272
0.0960625	1	2	4	57
0.0960625	7	1	4	57
0.096125	1	2	4	57
0.096125	7	1	4	57
0.0961875	4	2	4	36
0.09625	4	1	4	245
0.09625	1	2	4	57
0.09625	7	1	4	57
0.0963125	1	2	4	57
0.0963125	4	2	4	216
0.0964375	1	2	4	57
0.0964375	4	2	4	57
0.0965	4	1	4	164
0.0965	7	1	4	36
0.0965625	1	2	4	57
0.0965625	4	2	4	57
0.096625	1	2	4	57
0.096625	7	1	4	36
0.0966875	4	2	4	57
0.09675	4	1	4	245
0.09675	1	2	4	57
0.0968125	1	2	4	57
0.0968125	4	2	4	36
0.0968125	7	1	4	272
0.0969375	1	2	4	57
0.0969375	4	2	4	36
0.0969375	7	1	4	57
0.097	4	1	4	164
0.097	4	2	4	103
0.0970625	1	2	4	57
0.0970625	7	1	4	57
0.097125	1	2	4	57
0.097125	4	2	4	114
0.0971875	7	1	4	57
0.09725	1	1	4	1223
0.09725	4	1	4	245
0.09725	1	2	4	57
0.09725	4	2	4	57
0.0973125	1	2	4	57
0.0973125	4	2	4	57
0.0973125	7	1	4	36
0.0974375	1	2	4	57
0.0974375	7	1	4	36
0.0975	1	1	4	164
0.0975	4	1	4	164
0.0975	4	2	4	36
0.0975	7	1	4	103
0.0975625	1	2	4	57
0.0975625	7	1	4	57
0.097625	1	2	4	57
0.097625	7	1	4	57
0.0976875	4	2	4	36
0.09775	1	1	4	245
0.09775	4	1	4	245
0.09775	1	2	4	57
0.09775	7	1	4	57
0.0978125	1	2	4	57
0.0978125	4	2	4	216
0.0979375	1	2	4	57
0.098	1	1	4	164
0.098	4	1	4	164
0.098	4	2	4	57
0.098	7	1	4	36
0.0980625	1	2	4	57
0.0980625	4	2	4	57
0.098125	1	2	4	57
0.098125	4	2	4	57
0.098125	7	1	4	36
0.09825	1	1	4	245
0.09825	4	1	4	245
0.09825	1	2	4	57
0.09825	4	2	4	57
0.0983125	1	2	4	57
0.0983125	4	2	4	57
0.0983125	7	1	4	272
0.0984375	1	2	4	57
0.0984375	7	1	4	57
0.0985	1	1	4	164
0.0985	4	1	4	164
0.0985625	1	2	4	57
0.0985625	7	1	4	57
0.098625	1	2	4	57
0.098625	7	1	4	57
0.0986875	4	2	4	36
0.09875	4	1	4	245
0.09875	1	2	4	57
0.09875	4	2	4	36
0.0988125	1	2	4	57
0.0988125	4	2	4	216
0.0988125	7	1	4	36
0.0989375	1	2	4	57
0.0989375	4	2	4	57
0.099	4	1	4	164
0.099	7	1	4	36
0.0990625	1	2	4	57
0.0990625	4	2	4	57
0.099125	1	2	4	57
0.099125	7	1	4	216
0.0991875	4	2	4	57
0.09925	4	1	4	245
0.09925	1	2	4	57
0.09925	7	1	4	57
0.0993125	1	2	4	57
0.0993125	4	2	4	36
0.0993125	7	1	4	57
0.0994375	1	2	4	57
0.0994375	4	2	4	36
0.0994375	7	1	4	57
0.0995	4	1	4	164
0.0995	4	2	4	103
0.0995625	1	2	4	57
0.0995625	4	2	4	57
0.099625	1	2	4	57
0.099625	4	2	4	57
0.0996875	7	1	4	36
0.09975	4	1	4	245
0.09975	1	2	4	57
0.09975	4	2	4	57
0.0998125	1	2	4	57
0.0998125	4	2	4	57
0.0998125	7	1	4	36
0.099875	7	1	4	36
0.0999375	1	2	4	57
0.0999375	7	1	4	182
